0,1,2,3
13013,2022-02-25 15:11:56.850831,52.501855,13.316879
13391,2022-02-25 15:11:56.850831,52.528143,13.392144
14553,2022-02-25 15:11:56.850831,52.511937,13.408501
13411,2022-02-25 15:11:56.850831,52.509865,13.381383
13503,2022-02-25 15:11:56.850831,52.521414,13.485667
13022,2022-02-25 15:11:56.850831,52.519586,13.421872
13291,2022-02-25 15:11:56.850831,52.498169,13.436177
13601,2022-02-25 15:11:56.850831,52.531871,13.342972
14575,2022-02-25 15:11:56.850831,52.529268,13.387696
13055,2022-02-25 15:11:56.850831,52.470486,13.442489
13204,2022-02-25 15:11:56.850831,52.528398,13.468713
13101,2022-02-25 15:11:56.850831,52.500584,13.366287
13360,2022-02-25 15:11:56.850831,52.506974,13.385979
13928,2022-02-25 15:11:56.850831,52.51589,13.402768
14502,2022-02-25 15:11:56.850831,52.537646,13.401743
13831,2022-02-25 15:11:56.850831,52.494237,13.372173
13951,2022-02-25 15:11:56.850831,52.500584,13.366287
14446,2022-02-25 15:11:56.850831,52.484776,13.43105
13659,2022-02-25 15:11:56.850831,52.50655,13.371926
13534,2022-02-25 15:11:56.850831,52.529268,13.387696
14450,2022-02-25 15:11:56.850831,52.501996,13.421192
15114,2022-02-25 15:11:56.850831,52.529278,13.387693
14945,2022-02-25 15:11:56.850831,52.526796,13.411078
13697,2022-02-25 15:11:56.850831,52.501991,13.416296
15022,2022-02-25 15:11:56.850831,52.50681,13.289327
14857,2022-02-25 15:11:56.850831,52.52969,13.45723
14363,2022-02-25 15:11:56.850831,52.510006,13.36465
15055,2022-02-25 15:11:56.850831,52.546602,13.40997
14785,2022-02-25 15:11:56.850831,52.50442,13.434614
15900,2022-02-25 15:11:56.850831,52.527093,13.398177
15832,2022-02-25 15:11:56.850831,52.546593,13.409986
15381,2022-02-25 15:11:56.850831,52.552848,13.357288
15214,2022-02-25 15:11:56.850831,52.504466,13.434643
16075,2022-02-25 15:11:56.850831,52.515824,13.402785
15320,2022-02-25 15:11:56.850831,52.513688,13.406205
15915,2022-02-25 15:11:56.850831,52.515779,13.402832
15343,2022-02-25 15:11:56.850831,52.515824,13.402785
16203,2022-02-25 15:11:56.850831,52.508691,13.372058
16310,2022-02-25 15:11:56.850831,52.470475,13.442492
14007,2022-02-25 15:11:56.850831,52.501951,13.416244
14353,2022-02-25 15:11:56.850831,52.513001,13.403951
19988,2022-02-25 15:11:56.850831,52.521182,13.309776
13566,2022-02-25 15:11:56.850831,52.510099,13.307273
14029,2022-02-25 15:11:56.850831,52.505689,13.386357
14820,2022-02-25 15:11:56.850831,52.50502,13.439838
15059,2022-02-25 15:11:56.850831,52.503751,13.291298
16024,2022-02-25 15:11:56.850831,52.502507,13.324154
16051,2022-02-25 15:11:56.850831,52.508243,13.332507
15174,2022-02-25 15:11:56.850831,52.480093,13.351993
13339,2022-02-25 15:11:56.850831,52.479984,13.351905
13242,2022-02-25 15:11:56.850831,52.503456,13.469741
14286,2022-02-25 15:11:56.850831,52.967277,13.42528
14645,2022-02-25 15:11:56.850831,52.49468,13.299443
14830,2022-02-25 15:11:56.850831,52.496439,13.299733
13454,2022-02-25 15:11:56.850831,52.49411,13.304867
16234,2022-02-25 15:11:56.850831,52.52077,13.431025
13719,2022-02-25 15:11:56.850831,52.51297,13.283676
15872,2022-02-25 15:11:56.850831,52.496825,13.324139
13011,2022-02-25 15:11:56.850831,52.518621,13.480186
14082,2022-02-25 15:11:56.850831,52.520231,13.399645
13772,2022-02-25 15:11:56.850831,52.480221,13.340751
14109,2022-02-25 15:11:56.850831,52.507978,13.308037
14063,2022-02-25 15:11:56.850831,52.495323,13.347756
13412,2022-02-25 15:11:56.850831,52.493948,13.325962
14517,2022-02-25 15:11:56.850831,52.490469,13.321273
14246,2022-02-25 15:11:56.850831,52.515809,13.451462
14893,2022-02-25 15:11:56.850831,52.480041,13.320521
16069,2022-02-25 15:11:56.850831,52.523451,13.332263
14544,2022-02-25 15:11:56.850831,52.512848,13.440095
15167,2022-02-25 15:11:56.850831,52.516334,13.40458
14952,2022-02-25 15:11:56.850831,52.495925,13.305267
16097,2022-02-25 15:11:56.850831,52.515237,13.300805
14048,2022-02-25 15:11:56.850831,52.530966,13.402652
15145,2022-02-25 15:11:56.850831,52.494576,13.300682
14583,2022-02-25 15:11:56.850831,52.474145,13.451032
14260,2022-02-25 15:11:56.850831,52.508019,13.372787
16132,2022-02-25 15:11:56.850831,52.503279,13.315404
15904,2022-02-25 15:11:56.850831,52.506428,13.313822
14769,2022-02-25 15:11:56.850831,52.505691,13.442789
14762,2022-02-25 15:11:56.850831,52.497434,13.292305
14825,2022-02-25 15:11:56.850831,52.504341,13.404416
13093,2022-02-25 15:11:56.850831,52.51576,13.40743
13415,2022-02-25 15:11:56.850831,52.515753,13.407341
13060,2022-02-25 15:11:56.850831,52.502779,13.378776
15293,2022-02-25 15:11:56.850831,52.50934,13.376744
13525,2022-02-25 15:11:56.850831,52.517937,13.384688
16301,2022-02-25 15:11:56.850831,52.505076,13.449604
13429,2022-02-25 15:11:56.850831,52.502005,13.434545
15061,2022-02-25 15:11:56.850831,52.502358,13.369596
13618,2022-02-25 15:11:56.850831,52.511914,13.469176
16350,2022-02-25 15:11:56.850831,52.515441,13.400996
13791,2022-02-25 15:11:56.850831,52.494045,13.356672
16189,2022-02-25 15:11:56.850831,52.513721,13.387434
15021,2022-02-25 15:11:56.850831,52.502771,13.320674
14817,2022-02-25 15:11:56.850831,52.55214,13.416133
15054,2022-02-25 15:11:56.850831,52.506547,13.305781
13141,2022-02-25 15:11:56.850831,52.508953,13.377006
13632,2022-02-25 15:11:56.850831,52.514943,13.287886
14979,2022-02-25 15:11:56.850831,52.508935,13.461133
13102,2022-02-25 15:11:56.850831,52.475143,13.45478
14703,2022-02-25 15:11:56.850831,52.504501,13.317392
13071,2022-02-25 15:11:56.850831,52.487959,13.426966
13587,2022-02-25 15:11:56.850831,52.539433,13.300894
13387,2022-02-25 15:11:56.850831,52.522642,13.409567
14887,2022-02-25 15:11:56.850831,52.508775,13.309469
13381,2022-02-25 15:11:56.850831,52.485856,13.391128
15356,2022-02-25 15:11:56.850831,52.495008,13.304828
15031,2022-02-25 15:11:56.850831,52.484686,13.431012
15829,2022-02-25 15:11:56.850831,52.500916,13.336637
13614,2022-02-25 15:11:56.850831,52.504395,13.442238
13438,2022-02-25 15:11:56.850831,52.512578,13.403055
13684,2022-02-25 15:11:56.850831,52.536649,13.370409
15807,2022-02-25 15:11:56.850831,53.484562,14.52195
13766,2022-02-25 15:11:56.850831,52.483072,13.441806
13485,2022-02-25 15:11:56.850831,52.523998,13.382273
13563,2022-02-25 15:11:56.850831,52.541073,13.432043
13755,2022-02-25 15:11:56.850831,52.525214,13.499511
14816,2022-02-25 15:11:56.850831,52.534948,13.365487
13249,2022-02-25 15:11:56.850831,52.514407,13.392165
14489,2022-02-25 15:11:56.850831,52.519677,13.464358
13471,2022-02-25 15:11:56.850831,52.488145,13.429491
16177,2022-02-25 15:11:56.850831,52.48253,13.376001
14955,2022-02-25 15:11:56.850831,52.50084,13.414326
14960,2022-02-25 15:11:56.850831,52.491346,13.386452
13912,2022-02-25 15:11:56.850831,52.492406,13.491687
14189,2022-02-25 15:11:56.850831,52.513428,13.288047
13290,2022-02-25 15:11:56.850831,52.486992,13.408038
14012,2022-02-25 15:11:56.850831,52.496661,13.40547
13183,2022-02-25 15:11:56.850831,52.520264,13.3995
16123,2022-02-25 15:11:56.850831,52.52527,13.379162
15017,2022-02-25 15:11:56.850831,52.482849,13.333175
15387,2022-02-25 15:11:56.850831,52.519593,13.379956
14546,2022-02-25 15:11:56.850831,52.519549,13.37995
16074,2022-02-25 15:11:56.850831,52.493894,13.41771
15062,2022-02-25 15:11:56.850831,52.466934,13.309435
14445,2022-02-25 15:11:56.850831,52.51097,13.49979
13497,2022-02-25 15:11:56.850831,52.517936,13.457362
13118,2022-02-25 15:11:56.850831,52.516683,13.381128
13142,2022-02-25 15:11:56.850831,52.507436,13.46892
14981,2022-02-25 15:11:56.850831,52.50274,13.39396
13671,2022-02-25 15:11:56.850831,52.51462,13.370866
15808,2022-02-25 15:11:56.850831,52.514508,13.370888
16279,2022-02-25 15:11:56.850831,52.51527,13.405075
19964,2022-02-25 15:11:56.850831,52.489353,13.426561
16031,2022-02-25 15:11:56.850831,52.491362,13.346986
13488,2022-02-25 15:11:56.850831,52.481483,13.439715
16104,2022-02-25 15:11:56.850831,52.512736,13.423812
15093,2022-02-25 15:11:56.850831,52.506383,13.30981
14244,2022-02-25 15:11:56.850831,52.505388,13.347655
15919,2022-02-25 15:11:56.850831,52.529453,13.407452
14040,2022-02-25 15:11:56.850831,52.519399,13.393179
15228,2022-02-25 15:11:56.850831,52.522232,13.288124
16250,2022-02-25 15:11:56.850831,52.508701,13.347814
13529,2022-02-25 15:11:56.850831,52.475217,13.366419
13799,2022-02-25 15:11:56.850831,52.504596,13.352706
13348,2022-02-25 15:11:56.850831,52.49532,13.301242
16738,2022-02-25 15:11:56.850831,52.521836,13.423309
15307,2022-02-25 15:11:56.850831,52.472197,13.314206
15268,2022-02-25 15:11:56.850831,52.503311,13.420839
15883,2022-02-25 15:11:56.850831,52.497232,13.342316
13184,2022-02-25 15:11:56.850831,52.509918,13.410739
14342,2022-02-25 15:11:56.850831,52.509704,13.329334
15094,2022-02-25 15:11:56.850831,52.513795,13.377452
16507,2022-02-25 15:11:56.850831,52.509244,13.341768
14777,2022-02-25 15:11:56.850831,52.49145,13.32858
14639,2022-02-25 15:11:56.850831,52.528951,13.408195
15937,2022-02-25 15:11:56.850831,52.507843,13.387578
18612,2022-02-25 15:11:56.850831,52.502636,13.33641
15315,2022-02-25 15:11:56.850831,52.501944,13.360077
18020,2022-02-25 15:11:56.850831,52.507658,13.377639
17820,2022-02-25 15:11:56.850831,52.52452,13.405186
13567,2022-02-25 15:11:56.850831,52.495285,13.383937
13544,2022-02-25 15:11:56.850831,52.508243,13.392701
14536,2022-02-25 15:11:56.850831,52.532306,13.313261
16431,2022-02-25 15:11:56.850831,52.510613,13.288039
19036,2022-02-25 15:11:56.850831,52.506578,13.291028
14472,2022-02-25 15:11:56.850831,52.504703,13.317237
14592,2022-02-25 15:11:56.850831,52.521916,13.401906
13066,2022-02-25 15:11:56.850831,52.534679,13.424914
14754,2022-02-25 15:11:56.850831,52.534669,13.424399
15071,2022-02-25 15:11:56.850831,52.505556,13.364024
16417,2022-02-25 15:11:56.850831,52.521484,13.40402
16312,2022-02-25 15:11:56.850831,52.496155,13.420938
15321,2022-02-25 15:11:56.850831,52.540005,13.470648
18383,2022-02-25 15:11:56.850831,52.525227,13.337551
15156,2022-02-25 15:11:56.850831,52.492942,13.425611
13068,2022-02-25 15:11:56.850831,52.50994,13.436084
13104,2022-02-25 15:11:56.850831,52.489877,13.385958
14327,2022-02-25 15:11:56.850831,52.487925,13.426941
14474,2022-02-25 15:11:56.850831,52.512695,13.404413
14908,2022-02-25 15:11:56.850831,52.479858,13.33248
14320,2022-02-25 15:11:56.850831,52.50454,13.390048
15005,2022-02-25 15:11:56.850831,52.504111,13.345917
18583,2022-02-25 15:11:56.850831,52.516013,13.465188
13064,2022-02-25 15:11:56.850831,52.523109,13.377569
13455,2022-02-25 15:11:56.850831,52.510282,13.377682
14968,2022-02-25 15:11:56.850831,52.517985,13.37823
16095,2022-02-25 15:11:56.850831,52.512448,13.316598
19994,2022-02-25 15:11:56.850831,52.505888,13.333606
13815,2022-02-25 15:11:56.850831,52.506931,13.305554
14629,2022-02-25 15:11:56.850831,52.506942,13.449679
18892,2022-02-25 15:11:56.850831,52.526196,13.379176
13178,2022-02-25 15:11:56.850831,52.52255,13.3925
14747,2022-02-25 15:11:56.850831,52.505921,13.467412
13253,2022-02-25 15:11:56.850831,52.484474,13.431158
15361,2022-02-25 15:11:56.850831,52.501165,13.477164
13785,2022-02-25 15:11:56.850831,52.509172,13.379003
14915,2022-02-25 15:11:56.850831,52.509352,13.378998
18619,2022-02-25 15:11:56.850831,52.51472,13.384444
13320,2022-02-25 15:11:56.850831,52.506675,13.308961
13551,2022-02-25 15:11:56.850831,52.473548,13.448132
14266,2022-02-25 15:11:56.850831,52.537389,13.426685
15827,2022-02-25 15:11:56.850831,52.472773,13.448205
18985,2022-02-25 15:11:56.850831,52.510778,13.436741
16432,2022-02-25 15:11:56.850831,52.50104,13.417369
13542,2022-02-25 15:11:56.850831,52.500026,13.322808
13807,2022-02-25 15:11:56.850831,52.516924,13.385792
13916,2022-02-25 15:11:56.850831,52.504617,13.334459
14079,2022-02-25 15:11:56.850831,52.492462,13.440602
13251,2022-02-25 15:11:56.850831,52.552688,13.37619
16187,2022-02-25 15:11:56.850831,52.521213,13.404108
14790,2022-02-25 15:11:56.850831,52.504817,13.334348
14809,2022-02-25 15:11:56.850831,52.503096,13.328791
14711,2022-02-25 15:11:56.850831,52.476199,13.447441
13579,2022-02-25 15:11:56.850831,52.506793,13.333188
13692,2022-02-25 15:11:56.850831,52.483474,13.361545
17583,2022-02-25 15:11:56.850831,52.520502,13.401227
13194,2022-02-25 15:11:56.850831,52.504214,13.415881
14538,2022-02-25 15:11:56.850831,52.482912,13.441767
14712,2022-02-25 15:11:56.850831,52.43937,13.342021
16174,2022-02-25 15:11:56.850831,52.503723,13.303549
15368,2022-02-25 15:11:56.850831,52.510627,13.395903
14971,2022-02-25 15:11:56.850831,52.491549,13.394693
13519,2022-02-25 15:11:56.850831,52.499104,13.424657
15216,2022-02-25 15:11:56.850831,52.52332,13.33978
13344,2022-02-25 15:11:56.850831,52.509875,13.447649
14944,2022-02-25 15:11:56.850831,52.503565,13.4963
17944,2022-02-25 15:11:56.850831,52.4858,13.355501
13960,2022-02-25 15:11:56.850831,52.516494,13.382473
13220,2022-02-25 15:11:56.850831,52.495141,13.419392
17192,2022-02-25 15:11:56.850831,52.50012,13.463542
18406,2022-02-25 15:11:56.850831,52.506578,13.285246
15233,2022-02-25 15:11:56.850831,52.49802,13.391616
19055,2022-02-25 15:11:56.850831,52.49816,13.36026
14273,2022-02-25 15:11:56.850831,52.504757,13.366969
14106,2022-02-25 15:11:56.850831,52.504314,13.404525
18352,2022-02-25 15:11:56.850831,52.495369,13.361517
13243,2022-02-25 15:11:56.850831,52.44372,13.315284
13047,2022-02-25 15:11:56.850831,52.493878,13.435878
14975,2022-02-25 15:11:56.850831,52.492584,13.388783
16770,2022-02-25 15:11:56.850831,52.522791,13.440527
15852,2022-02-25 15:11:56.850831,52.507705,13.372827
13499,2022-02-25 15:11:56.850831,52.517054,13.341952
13083,2022-02-25 15:11:56.850831,52.502104,13.409597
19046,2022-02-25 15:11:56.850831,52.496573,13.411324
13258,2022-02-25 15:11:56.850831,52.547389,13.399367
13995,2022-02-25 15:11:56.850831,52.499443,13.354165
14588,2022-02-25 15:11:56.850831,52.507848,13.305973
13371,2022-02-25 15:11:56.850831,52.497791,13.436723
15828,2022-02-25 15:11:56.850831,52.526391,13.393365
14779,2022-02-25 15:11:56.850831,52.514381,13.395618
16181,2022-02-25 15:11:56.850831,52.483083,13.441574
16217,2022-02-25 15:11:56.850831,52.492626,13.370623
13977,2022-02-25 15:11:56.850831,52.492286,13.423526
13465,2022-02-25 15:11:56.850831,52.510441,13.390958
14002,2022-02-25 15:11:56.850831,52.498172,13.296902
13057,2022-02-25 15:11:56.850831,52.493772,13.421007
16721,2022-02-25 15:11:56.850831,52.491018,13.35669
16749,2022-02-25 15:11:56.850831,52.523707,13.419389
17754,2022-02-25 15:11:56.850831,52.491267,13.390729
14803,2022-02-25 15:11:56.850831,52.520614,13.493056
14045,2022-02-25 15:11:56.850831,52.49628,13.423686
16364,2022-02-25 15:11:56.850831,52.5372,13.422866
14970,2022-02-25 15:11:56.850831,52.506156,13.330357
14596,2022-02-25 15:11:56.850831,52.49237,13.431809
14913,2022-02-25 15:11:56.850831,52.48695,13.35012
14608,2022-02-25 15:11:56.850831,52.509505,13.373306
14964,2022-02-25 15:11:56.850831,52.487215,13.315491
13347,2022-02-25 15:11:56.850831,52.529809,13.319293
16059,2022-02-25 15:11:56.850831,52.509113,13.286539
14836,2022-02-25 15:11:56.850831,52.489292,13.39589
14990,2022-02-25 15:11:56.850831,52.504417,13.468428
16662,2022-02-25 15:11:56.850831,52.49544,13.389762
14744,2022-02-25 15:11:56.850831,52.519322,13.409061
16342,2022-02-25 15:11:56.850831,52.429632,13.469105
13941,2022-02-25 15:11:56.850831,52.467414,13.431618
15253,2022-02-25 15:11:56.850831,52.553228,13.570023
16112,2022-02-25 15:11:56.850831,52.516686,13.404657
14312,2022-02-25 15:11:56.850831,52.513289,13.438727
13115,2022-02-25 15:11:56.850831,52.475773,13.427432
16752,2022-02-25 15:11:56.850831,52.507689,13.319483
19168,2022-02-25 15:11:56.850831,52.527387,13.415599
16834,2022-02-25 15:11:56.850831,52.513493,13.38187
13245,2022-02-25 15:11:56.850831,52.485476,13.442843
13023,2022-02-25 15:11:56.850831,52.506422,13.372874
17951,2022-02-25 15:11:56.850831,52.495751,13.433673
14654,2022-02-25 15:11:56.850831,52.505235,13.411323
16361,2022-02-25 15:11:56.850831,52.494568,13.418643
16213,2022-02-25 15:11:56.850831,52.485628,13.362782
14531,2022-02-25 15:11:56.850831,52.498062,13.438087
14169,2022-02-25 15:11:56.850831,52.501044,13.42631
13222,2022-02-25 15:11:56.850831,52.517327,13.431464
13401,2022-02-25 15:11:56.850831,52.527785,13.381432
13234,2022-02-25 15:11:56.850831,52.497806,13.360867
14916,2022-02-25 15:11:56.850831,52.533789,13.426797
14368,2022-02-25 15:11:56.850831,52.493266,13.424571
17316,2022-02-25 15:11:56.850831,52.502333,13.297253
19102,2022-02-25 15:11:56.850831,52.525507,13.393277
14343,2022-02-25 15:11:56.850831,52.488245,13.396708
13857,2022-02-25 15:11:56.850831,52.519034,13.31591
14410,2022-02-25 15:11:56.850831,52.492342,13.424067
14092,2022-02-25 15:11:56.850831,52.492378,13.431102
18368,2022-02-25 15:11:56.850831,52.511396,13.377757
18706,2022-02-25 15:11:56.850831,52.511516,13.40012
15265,2022-02-25 15:11:56.850831,52.505021,13.442138
17314,2022-02-25 15:11:56.850831,52.502889,13.401943
14188,2022-02-25 15:11:56.850831,52.50899,13.376036
14661,2022-02-25 15:11:56.850831,52.501522,13.399402
19108,2022-02-25 15:11:56.850831,52.474978,13.44754
17056,2022-02-25 15:11:56.850831,52.49672,13.41983
16764,2022-02-25 15:11:56.850831,52.54288,13.425122
14498,2022-02-25 15:11:56.850831,52.481762,13.347505
13757,2022-02-25 15:11:56.850831,52.500665,13.40838
14009,2022-02-25 15:11:56.850831,52.426702,13.481044
15314,2022-02-25 15:11:56.850831,52.510707,13.436626
13140,2022-02-25 15:11:56.850831,52.518168,13.380674
15140,2022-02-25 15:11:56.850831,52.501821,13.409622
16043,2022-02-25 15:11:56.850831,52.520636,13.569307
13337,2022-02-25 15:11:56.850831,52.47969,13.454275
16032,2022-02-25 15:11:56.850831,52.480178,13.382691
14821,2022-02-25 15:11:56.850831,52.529227,13.591336
13015,2022-02-25 15:11:56.850831,52.53326,13.432978
16014,2022-02-25 15:11:56.850831,52.484135,13.438681
14943,2022-02-25 15:11:56.850831,52.523515,13.402543
14631,2022-02-25 15:11:56.850831,52.498291,13.31856
13620,2022-02-25 15:11:56.850831,52.483867,13.447136
13647,2022-02-25 15:11:56.850831,52.522751,13.381895
13448,2022-02-25 15:11:56.850831,52.497696,13.447918
14300,2022-02-25 15:11:56.850831,52.505793,13.320951
14566,2022-02-25 15:11:56.850831,52.4979,13.431278
14636,2022-02-25 15:11:56.850831,52.512778,13.321154
13198,2022-02-25 15:11:56.850831,52.508352,13.258626
14458,2022-02-25 15:11:56.850831,52.492407,13.418165
18451,2022-02-25 15:11:56.850831,52.490187,13.425472
14980,2022-02-25 15:11:56.850831,52.532142,13.324284
13909,2022-02-25 15:11:56.850831,52.516662,13.309495
15961,2022-02-25 15:11:56.850831,52.506658,13.468308
14771,2022-02-25 15:11:56.850831,52.509956,13.37531
13440,2022-02-25 15:11:56.850831,52.473143,13.450003
13289,2022-02-25 15:11:56.850831,52.539039,13.407975
15065,2022-02-25 15:11:56.850831,52.511359,13.401207
14828,2022-02-25 15:11:56.850831,52.559275,13.379132
18028,2022-02-25 15:11:56.850831,52.499258,13.431077
13594,2022-02-25 15:11:56.850831,52.518124,13.437271
16277,2022-02-25 15:11:56.850831,52.553624,13.399318
15854,2022-02-25 15:11:56.850831,52.437595,13.647766
14891,2022-02-25 15:11:56.850831,52.49151,13.457793
13336,2022-02-25 15:11:56.850831,52.539661,13.359292
14696,2022-02-25 15:11:56.850831,52.514736,13.442688
15911,2022-02-25 15:11:56.850831,52.522687,13.449898
16114,2022-02-25 15:11:56.850831,52.490312,13.442717
14919,2022-02-25 15:11:56.850831,52.50672,13.410191
13964,2022-02-25 15:11:56.850831,52.475257,13.44738
14799,2022-02-25 15:11:56.850831,52.530083,13.386379
14090,2022-02-25 15:11:56.850831,52.486943,13.424834
13458,2022-02-25 15:11:56.850831,53.490077,13.351947
13244,2022-02-25 15:11:56.850831,52.543104,13.338949
16351,2022-02-25 15:11:56.850831,52.510824,13.295013
15388,2022-02-25 15:11:56.850831,52.498482,13.437237
15258,2022-02-25 15:11:56.850831,52.473271,13.465364
13461,2022-02-25 15:11:56.850831,52.524018,13.415226
14143,2022-02-25 15:11:56.850831,52.510889,13.374096
18216,2022-02-25 15:11:56.850831,52.500862,13.408472
13385,2022-02-25 15:11:56.850831,52.530057,13.381206
13326,2022-02-25 15:11:56.850831,52.524119,13.439554
13603,2022-02-25 15:11:56.850831,52.501878,13.409505
15824,2022-02-25 15:11:56.850831,52.480739,13.324341
16242,2022-02-25 15:11:56.850831,52.49253,13.438965
14788,2022-02-25 15:11:56.850831,52.507879,13.4672
15204,2022-02-25 15:11:56.850831,52.51248,13.433801
14324,2022-02-25 15:11:56.850831,52.522245,13.376212
16314,2022-02-25 15:11:56.850831,52.510545,13.310708
17469,2022-02-25 15:11:56.850831,52.526627,13.380589
13674,2022-02-25 15:11:56.850831,52.495218,13.46175
17560,2022-02-25 15:11:56.850831,52.495489,13.29326
14666,2022-02-25 15:11:56.850831,52.5036,13.359432
13431,2022-02-25 15:11:56.850831,52.499348,13.387323
13714,2022-02-25 15:11:56.850831,52.486676,13.386029
14556,2022-02-25 15:11:56.850831,52.502422,13.369717
13037,2022-02-25 15:11:56.850831,52.523677,13.378079
13205,2022-02-25 15:11:56.850831,52.520001,13.337674
14249,2022-02-25 15:11:56.850831,52.518206,13.451047
16180,2022-02-25 15:11:56.850831,52.51718,13.437697
14112,2022-02-25 15:11:56.850831,52.474625,13.370788
13668,2022-02-25 15:11:56.850831,52.496149,13.421318
14540,2022-02-25 15:11:56.850831,52.493357,13.353442
13753,2022-02-25 15:11:56.850831,52.505632,13.334028
14948,2022-02-25 15:11:56.850831,52.499693,13.428529
13264,2022-02-25 15:11:56.850831,52.518685,13.420444
19130,2022-02-25 15:11:56.850831,52.514453,13.474613
13081,2022-02-25 15:11:56.850831,52.511866,13.448478
15287,2022-02-25 15:11:56.850831,52.50054,13.409409
13179,2022-02-25 15:11:56.850831,52.505706,13.33409
14395,2022-02-25 15:11:56.850831,52.500742,13.414993
14929,2022-02-25 15:11:56.850831,52.499697,13.296424
13784,2022-02-25 15:11:56.850831,52.48819,13.33941
15138,2022-02-25 15:11:56.850831,52.50324,13.410635
13376,2022-02-25 15:11:56.850831,52.528159,13.391551
14982,2022-02-25 15:11:56.850831,52.509982,13.399026
16018,2022-02-25 15:11:56.850831,52.497981,13.435857
13130,2022-02-25 15:11:56.850831,52.50296,13.440821
16245,2022-02-25 15:11:56.850831,52.506872,13.391573
16151,2022-02-25 15:11:56.850831,52.500395,13.433965
14147,2022-02-25 15:11:56.850831,52.508687,13.441561
13463,2022-02-25 15:11:56.850831,52.518836,13.364924
13077,2022-02-25 15:11:56.850831,52.517778,13.415887
18885,2022-02-25 15:11:56.850831,52.562498,13.366427
13873,2022-02-25 15:11:56.850831,52.496413,13.365519
14669,2022-02-25 15:11:56.850831,52.496127,13.425888
14173,2022-02-25 15:11:56.850831,52.502027,13.428714
14435,2022-02-25 15:11:56.850831,52.512814,13.297447
14027,2022-02-25 15:11:56.850831,52.502813,13.438725
13312,2022-02-25 15:11:56.850831,52.485142,13.437822
15243,2022-02-25 15:11:56.850831,52.4922,13.389742
15352,2022-02-25 15:11:56.850831,52.529338,13.408238
15141,2022-02-25 15:11:56.850831,52.49316,13.414863
15893,2022-02-25 15:11:56.850831,52.507585,13.304255
15939,2022-02-25 15:11:56.850831,52.517591,13.396527
17112,2022-02-25 15:11:56.850831,52.485116,13.455298
14680,2022-02-25 15:11:56.850831,52.49624,13.421112
16063,2022-02-25 15:11:56.850831,52.535782,13.417292
15891,2022-02-25 15:11:56.850831,52.490663,13.410163
13484,2022-02-25 15:11:56.850831,52.52461,13.363979
16071,2022-02-25 15:11:56.850831,52.532202,13.341554
14720,2022-02-25 15:11:56.850831,52.481034,13.422457
16121,2022-02-25 15:11:56.850831,52.510428,13.378355
14974,2022-02-25 15:11:56.850831,52.518198,13.304415
13763,2022-02-25 15:11:56.850831,52.501967,13.342669
13175,2022-02-25 15:11:56.850831,52.50564,13.470969
14563,2022-02-25 15:11:56.850831,52.485352,13.449143
16454,2022-02-25 15:11:56.850831,52.548884,13.404779
14819,2022-02-25 15:11:56.850831,52.520491,13.327602
13272,2022-02-25 15:11:56.850831,52.491206,13.392588
15236,2022-02-25 15:11:56.850831,52.485652,13.423892
14506,2022-02-25 15:11:56.850831,52.530706,13.342681
15938,2022-02-25 15:11:56.850831,52.494465,13.380834
13954,2022-02-25 15:11:56.850831,52.508619,13.350181
18670,2022-02-25 15:11:56.850831,52.50576,13.449968
18586,2022-02-25 15:11:56.850831,52.50096,13.381879
17038,2022-02-25 15:11:56.850831,52.512516,13.411247
14514,2022-02-25 15:11:56.850831,52.525943,13.447811
13410,2022-02-25 15:11:56.850831,52.540371,13.390627
14461,2022-02-25 15:11:56.850831,52.47989,13.371418
18993,2022-02-25 15:11:56.850831,52.516733,13.381264
13190,2022-02-25 15:11:56.850831,52.502784,13.468002
15922,2022-02-25 15:11:56.850831,52.429615,13.467793
15232,2022-02-25 15:11:56.850831,52.502409,13.340925
15002,2022-02-25 15:11:56.850831,52.540108,13.391209
13589,2022-02-25 15:11:56.850831,52.490076,13.336325
15299,2022-02-25 15:11:56.850831,52.512549,13.433853
13433,2022-02-25 15:11:56.850831,52.489926,13.386024
14340,2022-02-25 15:11:56.850831,52.504342,13.387174
15960,2022-02-25 15:11:56.850831,52.503007,13.287663
13297,2022-02-25 15:11:56.850831,52.51744,13.431412
13486,2022-02-25 15:11:56.850831,52.523026,13.384312
13020,2022-02-25 15:11:56.850831,52.482277,13.433198
15857,2022-02-25 15:11:56.850831,52.513027,13.462211
17045,2022-02-25 15:11:56.850831,52.487769,13.330584
14880,2022-02-25 15:11:56.850831,52.524229,13.440953
15217,2022-02-25 15:11:56.850831,52.507428,13.384237
13875,2022-02-25 15:11:56.850831,52.464309,13.435834
16240,2022-02-25 15:11:56.850831,52.490192,13.316582
15861,2022-02-25 15:11:56.850831,52.534669,13.398059
14890,2022-02-25 15:11:56.850831,52.491635,13.323391
15308,2022-02-25 15:11:56.850831,52.49374,13.44033
14736,2022-02-25 15:11:56.850831,52.50199,13.329076
13750,2022-02-25 15:11:56.850831,52.542655,13.359475
14807,2022-02-25 15:11:56.850831,52.516391,13.38131
13262,2022-02-25 15:11:56.850831,52.519082,13.437076
13702,2022-02-25 15:11:56.850831,52.498167,13.450161
13783,2022-02-25 15:11:56.850831,52.555542,13.385504
14628,2022-02-25 15:11:56.850831,52.583064,13.403251
13058,2022-02-25 15:11:56.850831,52.495524,13.366908
14308,2022-02-25 15:11:56.850831,52.516351,13.381288
18372,2022-02-25 15:11:56.850831,52.473862,13.449204
13832,2022-02-25 15:11:56.850831,52.487541,13.42063
13568,2022-02-25 15:11:56.850831,52.508735,13.376908
13639,2022-02-25 15:11:56.850831,52.472879,13.450286
16056,2022-02-25 15:11:56.850831,52.525304,13.415154
16083,2022-02-25 15:11:56.850831,52.509765,13.383615
15278,2022-02-25 15:11:56.850831,52.492121,13.390827
15912,2022-02-25 15:11:56.850831,52.478339,13.438949
15344,2022-02-25 15:11:56.850831,52.485115,13.424359
14694,2022-02-25 15:11:56.850831,52.526306,13.36805
16162,2022-02-25 15:11:56.850831,52.525624,13.337744
14545,2022-02-25 15:11:56.850831,52.486681,13.437596
13238,2022-02-25 15:11:56.850831,52.480944,13.435344
16804,2022-02-25 15:11:56.850831,52.541756,13.36902
16046,2022-02-25 15:11:56.850831,52.485393,13.45375
16276,2022-02-25 15:11:56.850831,52.513123,13.414642
13737,2022-02-25 15:11:56.850831,52.539298,13.384298
15170,2022-02-25 15:11:56.850831,52.515584,13.365042
13352,2022-02-25 15:11:56.850831,52.542518,13.419538
13143,2022-02-25 15:11:56.850831,52.51626,13.378652
13715,2022-02-25 15:11:56.850831,52.500665,13.374027
16215,2022-02-25 15:11:56.850831,52.48586,13.442142
14743,2022-02-25 15:11:56.850831,52.539752,13.391321
13597,2022-02-25 15:11:56.850831,52.516366,13.378713
14482,2022-02-25 15:11:56.850831,52.52322,13.382772
14041,2022-02-25 15:11:56.850831,52.524161,13.339666
14094,2022-02-25 15:11:56.850831,52.488842,13.35341
16191,2022-02-25 15:11:56.850831,52.512878,13.330048
14322,2022-02-25 15:11:56.850831,52.467663,13.487032
14432,2022-02-25 15:11:56.850831,52.542754,13.370111
14247,2022-02-25 15:11:56.850831,52.492161,13.412632
14142,2022-02-25 15:11:56.850831,52.506714,13.331101
16291,2022-02-25 15:11:56.850831,52.490217,13.355018
13526,2022-02-25 15:11:56.850831,52.495067,13.405634
13165,2022-02-25 15:11:56.850831,52.529736,13.407354
14381,2022-02-25 15:11:56.850831,52.485269,13.448384
15003,2022-02-25 15:11:56.850831,52.51657,13.380703
13457,2022-02-25 15:11:56.850831,52.489899,13.370476
13972,2022-02-25 15:11:56.850831,52.460548,13.375298
13024,2022-02-25 15:11:56.850831,52.503668,13.419271
14614,2022-02-25 15:11:56.850831,52.489953,13.38832
13214,2022-02-25 15:11:56.850831,52.533614,13.352794
15393,2022-02-25 15:11:56.850831,52.551923,13.42084
16077,2022-02-25 15:11:56.850831,52.525133,13.405909
14503,2022-02-25 15:11:56.850831,52.489154,13.454269
13758,2022-02-25 15:11:56.850831,52.534719,13.382691
14056,2022-02-25 15:11:56.850831,52.527411,13.36209
16249,2022-02-25 15:11:56.850831,52.513733,13.476363
13082,2022-02-25 15:11:56.850831,52.516467,13.386198
14940,2022-02-25 15:11:56.850831,52.467677,13.487132
16002,2022-02-25 15:11:56.850831,52.507695,13.372757
15131,2022-02-25 15:11:56.850831,52.502411,13.325529
14265,2022-02-25 15:11:56.850831,52.518419,13.357394
16102,2022-02-25 15:11:56.850831,52.494851,13.428771
15261,2022-02-25 15:11:56.850831,52.523621,13.387865
13393,2022-02-25 15:11:56.850831,52.52359,13.387888
13687,2022-02-25 15:11:56.850831,52.48788,13.386898
14091,2022-02-25 15:11:56.850831,52.526941,13.385178
14650,2022-02-25 15:11:56.850831,52.475229,13.427396
19113,2022-02-25 15:11:56.850831,52.488627,13.339397
15292,2022-02-25 15:11:56.850831,52.530021,13.401083
13414,2022-02-25 15:11:56.850831,52.471761,13.442977
13366,2022-02-25 15:11:56.850831,52.492012,13.441018
15948,2022-02-25 15:11:56.850831,52.517582,13.431449
15391,2022-02-25 15:11:56.850831,52.498034,13.391665
16195,2022-02-25 15:11:56.850831,52.523323,13.446641
13086,2022-02-25 15:11:56.850831,52.501073,13.461166
14582,2022-02-25 15:11:56.850831,52.524391,13.336306
13818,2022-02-25 15:11:56.850831,52.529007,13.430768
17582,2022-02-25 15:11:56.850831,52.516764,13.453547
14897,2022-02-25 15:11:56.850831,52.54066,13.419415
16103,2022-02-25 15:11:56.850831,52.516449,13.377278
13933,2022-02-25 15:11:56.850831,52.574585,13.428751
16510,2022-02-25 15:11:56.850831,52.513427,13.391158
14072,2022-02-25 15:11:56.850831,52.509576,13.331199
15109,2022-02-25 15:11:56.850831,52.517626,13.287836
14682,2022-02-25 15:11:56.850831,52.519238,13.313967
14035,2022-02-25 15:11:56.850831,52.495493,13.423937
14481,2022-02-25 15:11:56.850831,52.500558,13.396134
19164,2022-02-25 15:11:56.850831,52.512947,13.43242
15914,2022-02-25 15:11:56.850831,52.484717,13.45489
15389,2022-02-25 15:11:56.850831,52.528629,13.390679
15941,2022-02-25 15:11:56.850831,52.499334,13.425009
16080,2022-02-25 15:11:56.850831,52.480788,13.44121
16363,2022-02-25 15:11:56.850831,52.4827,13.436708
13343,2022-02-25 15:11:56.850831,52.542381,13.610172
13844,2022-02-25 15:11:56.850831,52.525455,13.324438
13080,2022-02-25 15:11:56.850831,52.506666,13.417657
16009,2022-02-25 15:11:56.850831,52.501927,13.428449
13536,2022-02-25 15:11:56.850831,52.520529,13.327777
13404,2022-02-25 15:11:56.850831,52.503637,13.38298
14607,2022-02-25 15:11:56.850831,52.504113,13.317248
17103,2022-02-25 15:11:56.850831,52.523707,13.446987
16199,2022-02-25 15:11:56.850831,52.551436,13.363268
18024,2022-02-25 15:11:56.850831,52.47872,13.42024
16239,2022-02-25 15:11:56.850831,52.502838,13.407219
16461,2022-02-25 15:11:56.850831,52.500253,13.315299
16987,2022-02-25 15:11:56.850831,52.481591,13.365287
16188,2022-02-25 15:11:56.850831,52.513016,13.382765
16650,2022-02-25 15:11:56.850831,52.524071,13.439258
16634,2022-02-25 15:11:56.850831,52.435324,13.256669
13848,2022-02-25 15:11:56.850831,52.5005,13.423099
18879,2022-02-25 15:11:56.850831,52.488258,13.412953
18887,2022-02-25 15:11:56.850831,52.527689,13.341356
19367,2022-02-25 15:11:56.850831,52.481973,13.35935
13122,2022-02-25 15:11:56.850831,52.485474,13.433402
13860,2022-02-25 15:11:56.850831,52.495367,13.430282
15837,2022-02-25 15:11:56.850831,52.496288,13.411985
13169,2022-02-25 15:11:56.850831,52.531473,13.382219
19333,2022-02-25 15:11:56.850831,52.492698,13.448091
14291,2022-02-25 15:11:56.850831,52.508795,13.424983
15554,2022-02-25 15:11:56.850831,52.533444,13.387951
16872,2022-02-25 15:11:56.850831,52.477849,13.327083
14017,2022-02-25 15:11:56.850831,52.499678,13.417865
13693,2022-02-25 15:11:56.850831,52.49615,13.390285
16066,2022-02-25 15:11:56.850831,52.515072,13.330483
13616,2022-02-25 15:11:56.850831,52.503466,13.429383
14729,2022-02-25 15:11:56.850831,52.504561,13.468564
14686,2022-02-25 15:11:56.850831,52.520204,13.390294
18412,2022-02-25 15:11:56.850831,52.503698,13.33963
14579,2022-02-25 15:11:56.850831,52.492458,13.392406
15082,2022-02-25 15:11:56.850831,52.529785,13.370925
19060,2022-02-25 15:11:56.850831,52.495142,13.347674
18384,2022-02-25 15:11:56.850831,52.500658,13.435687
13232,2022-02-25 15:11:56.850831,52.493792,13.42137
16241,2022-02-25 15:11:56.850831,52.504356,13.392885
19005,2022-02-25 15:11:56.850831,52.504222,13.435484
16797,2022-02-25 15:11:56.850831,52.539471,13.384143
19226,2022-02-25 15:11:56.850831,52.503898,13.402547
17002,2022-02-25 15:11:56.850831,52.538307,13.362222
15373,2022-02-25 15:11:56.850831,52.518114,13.37756
14062,2022-02-25 15:11:56.850831,52.496753,13.428254
14702,2022-02-25 15:11:56.850831,52.480458,13.361326
13996,2022-02-25 15:11:56.850831,52.478806,13.449129
18735,2022-02-25 15:11:56.850831,52.517996,13.377521
13991,2022-02-25 15:11:56.850831,52.532807,13.357586
16060,2022-02-25 15:11:56.850831,52.547054,13.367406
19301,2022-02-25 15:11:56.850831,52.512329,13.395141
17387,2022-02-25 15:11:56.850831,52.509178,13.368579
18198,2022-02-25 15:11:56.850831,52.529142,13.434263
13974,2022-02-25 15:11:56.850831,52.510964,13.327032
18865,2022-02-25 15:11:56.850831,52.518213,13.32326
19118,2022-02-25 15:11:56.850831,52.513284,13.395542
16396,2022-02-25 15:11:56.850831,52.491049,13.317739
17967,2022-02-25 15:11:56.850831,52.502133,13.418071
17150,2022-02-25 15:11:56.850831,52.519618,13.375968
15578,2022-02-25 15:11:56.850831,52.513658,13.467511
17656,2022-02-25 15:11:56.850831,52.491413,13.386506
18509,2022-02-25 15:11:56.850831,52.504053,13.424927
17376,2022-02-25 15:11:56.850831,52.496569,13.397797
16978,2022-02-25 15:11:56.850831,52.507969,13.3726
17592,2022-02-25 15:11:56.850831,52.500222,13.375037
15406,2022-02-25 15:11:56.850831,52.505787,13.42253
17342,2022-02-25 15:11:56.850831,52.477604,13.445726
18696,2022-02-25 15:11:56.850831,52.478507,13.452911
15488,2022-02-25 15:11:56.850831,52.516049,13.311829
18673,2022-02-25 15:11:56.850831,52.50232,13.430371
16722,2022-02-25 15:11:56.850831,52.502418,13.364934
17938,2022-02-25 15:11:56.850831,52.50244,13.394388
17556,2022-02-25 15:11:56.850831,52.510791,13.4504
17245,2022-02-25 15:11:56.850831,52.519489,13.402159
19027,2022-02-25 15:11:56.850831,52.503898,13.443046
18294,2022-02-25 15:11:56.850831,52.488511,13.397608
18799,2022-02-25 15:11:56.850831,52.532218,13.328719
16588,2022-02-25 15:11:56.850831,52.480298,13.383016
18833,2022-02-25 15:11:56.850831,52.552564,13.364362
18938,2022-02-25 15:11:56.850831,52.49152,13.423413
16504,2022-02-25 15:11:56.850831,52.496591,13.440634
17701,2022-02-25 15:11:56.850831,52.50932,13.518109
15460,2022-02-25 15:11:56.850831,52.51072,13.378301
17036,2022-02-25 15:11:56.850831,52.505818,13.462451
19297,2022-02-25 15:11:56.850831,52.50476,13.407143
16503,2022-02-25 15:11:56.850831,52.532853,13.391588
15775,2022-02-25 15:11:56.850831,52.491498,13.450419
16917,2022-02-25 15:11:56.850831,52.500382,13.328922
15464,2022-02-25 15:11:56.850831,52.493978,13.29429
16740,2022-02-25 15:11:56.850831,52.489702,13.455074
17799,2022-02-25 15:11:56.850831,52.49576,13.39642
17561,2022-02-25 15:11:56.850831,52.51116,13.314522
17162,2022-02-25 15:11:56.850831,52.494311,13.434179
18149,2022-02-25 15:11:56.850831,52.499187,13.437404
19069,2022-02-25 15:11:56.850831,52.4944,13.356909
18257,2022-02-25 15:11:56.850831,52.521924,13.326701
17954,2022-02-25 15:11:56.850831,52.529791,13.43447
18453,2022-02-25 15:11:56.850831,52.501529,13.331417
17686,2022-02-25 15:11:56.850831,52.493329,13.344852
18179,2022-02-25 15:11:56.850831,52.518693,13.425729
16446,2022-02-25 15:11:56.850831,52.500422,13.418634
16828,2022-02-25 15:11:56.850831,52.539356,13.421474
17854,2022-02-25 15:11:56.850831,52.503418,13.413613
17239,2022-02-25 15:11:56.850831,52.533693,13.197809
17590,2022-02-25 15:11:56.850831,52.385378,13.196172
16970,2022-02-25 15:11:56.850831,52.517644,13.338277
18102,2022-02-25 15:11:56.850831,52.502031,13.40981
18468,2022-02-25 15:11:56.850831,52.504876,13.381007
16682,2022-02-25 15:11:56.850831,52.497213,13.384757
17893,2022-02-25 15:11:56.850831,52.495311,13.397167
16516,2022-02-25 15:11:56.850831,52.506658,13.388389
16961,2022-02-25 15:11:56.850831,52.507791,13.460382
14392,2022-02-25 15:11:56.850831,52.526164,13.42679
15484,2022-02-25 15:11:56.850831,52.485804,13.429752
16480,2022-02-25 15:11:56.850831,52.500511,13.418689
17863,2022-02-25 15:11:56.850831,52.514249,13.377566
19354,2022-02-25 15:11:56.850831,52.473569,13.449373
18175,2022-02-25 15:11:56.850831,52.534044,13.359029
16924,2022-02-25 15:11:56.850831,52.490373,13.449013
18983,2022-02-25 15:11:56.850831,52.502578,13.380969
17396,2022-02-25 15:11:56.850831,52.506356,13.390833
17924,2022-02-25 15:11:56.850831,52.481307,13.318709
16984,2022-02-25 15:11:56.850831,52.521102,13.446379
18989,2022-02-25 15:11:56.850831,52.511,13.375844
17326,2022-02-25 15:11:56.850831,52.516302,13.395809
16846,2022-02-25 15:11:56.850831,52.526636,13.404083
17669,2022-02-25 15:11:56.850831,52.504267,13.388906
18548,2022-02-25 15:11:56.850831,52.482227,13.442932
16532,2022-02-25 15:11:56.850831,52.489178,13.422337
19345,2022-02-25 15:11:56.850831,52.495964,13.429703
17838,2022-02-25 15:11:56.850831,52.527773,13.402747
13250,2022-02-25 15:11:56.850831,52.478769,13.500596
17095,2022-02-25 15:11:56.850831,52.535831,13.394871
16437,2022-02-25 15:11:56.850831,52.530258,13.396891
16959,2022-02-25 15:11:56.850831,52.460658,13.315403
17640,2022-02-25 15:11:56.850831,52.508924,13.288489
18375,2022-02-25 15:11:56.850831,52.490422,13.376758
17537,2022-02-25 15:11:56.850831,52.516391,13.381162
16492,2022-02-25 15:11:56.850831,52.502409,13.394598
18791,2022-02-25 15:11:56.850831,52.494636,13.400243
19293,2022-02-25 15:11:56.850831,52.471533,13.441223
17158,2022-02-25 15:11:56.850831,52.524813,13.407577
16654,2022-02-25 15:11:56.850831,52.508049,13.422209
15408,2022-02-25 15:11:56.850831,52.491227,13.408818
17281,2022-02-25 15:11:56.850831,52.517702,13.37737
17340,2022-02-25 15:11:56.850831,52.499147,13.438888
17994,2022-02-25 15:11:56.850831,52.509471,13.373096
19075,2022-02-25 15:11:56.850831,52.50344,13.381708
18571,2022-02-25 15:11:56.850831,52.496484,13.395534
17498,2022-02-25 15:11:56.850831,52.551938,13.415721
18399,2022-02-25 15:11:56.850831,52.487067,13.335034
17655,2022-02-25 15:11:56.850831,52.483053,13.450602
17392,2022-02-25 15:11:56.850831,52.504418,13.358659
17599,2022-02-25 15:11:56.850831,52.501702,13.319584
17513,2022-02-25 15:11:56.850831,52.53084,13.442446
19074,2022-02-25 15:11:56.850831,52.542822,13.392724
18068,2022-02-25 15:11:56.850831,52.508489,13.317372
16739,2022-02-25 15:11:56.850831,52.532356,13.341443
19033,2022-02-25 15:11:56.850831,52.517191,13.395292
19058,2022-02-25 15:11:56.850831,52.526431,13.381028
16919,2022-02-25 15:11:56.850831,52.497422,13.40993
17929,2022-02-25 15:11:56.850831,52.520982,13.384847
17624,2022-02-25 15:11:56.850831,52.51332,13.401184
16677,2022-02-25 15:11:56.850831,52.501667,13.414074
16736,2022-02-25 15:11:56.850831,52.515893,13.448541
19047,2022-02-25 15:11:56.850831,52.520769,13.453024
18514,2022-02-25 15:11:56.850831,52.509813,13.299489
17136,2022-02-25 15:11:56.850831,52.514627,13.422367
17977,2022-02-25 15:11:56.850831,52.474436,13.440122
17760,2022-02-25 15:11:56.850831,52.481404,13.38623
17791,2022-02-25 15:11:56.850831,52.515582,13.298057
17916,2022-02-25 15:11:56.850831,52.526724,13.36945
17442,2022-02-25 15:11:56.850831,52.479996,13.334781
16602,2022-02-25 15:11:56.850831,52.539876,13.41995
16707,2022-02-25 15:11:56.850831,52.494156,13.321997
16534,2022-02-25 15:11:56.850831,52.514044,13.474731
18547,2022-02-25 15:11:56.850831,52.539747,13.412213
18949,2022-02-25 15:11:56.850831,52.499089,13.41081
19115,2022-02-25 15:11:56.850831,52.385351,13.196216
17488,2022-02-25 15:11:56.850831,52.494227,13.434651
17128,2022-02-25 15:11:56.850831,52.512702,13.406044
18930,2022-02-25 15:11:56.850831,52.477476,13.365124
18407,2022-02-25 15:11:56.850831,52.516924,13.383884
15118,2022-02-25 15:11:56.850831,52.513818,13.4625
18891,2022-02-25 15:11:56.850831,52.477271,13.37097
16451,2022-02-25 15:11:56.850831,52.508747,13.374548
18049,2022-02-25 15:11:56.850831,52.516493,13.439319
16724,2022-02-25 15:11:56.850831,52.498569,13.359082
18606,2022-02-25 15:11:56.850831,52.540062,13.419803
16413,2022-02-25 15:11:56.850831,52.539146,13.408162
19012,2022-02-25 15:11:56.850831,52.503302,13.330479
18880,2022-02-25 15:11:56.850831,52.522173,13.415198
16788,2022-02-25 15:11:56.850831,52.515991,13.377572
19274,2022-02-25 15:11:56.850831,52.487844,13.334277
18741,2022-02-25 15:11:56.850831,52.538329,13.399241
17749,2022-02-25 15:11:56.850831,52.52084,13.37831
16912,2022-02-25 15:11:56.850831,52.538071,13.410817
16678,2022-02-25 15:11:56.850831,52.489444,13.421911
17328,2022-02-25 15:11:56.850831,52.515364,13.47085
17191,2022-02-25 15:11:56.850831,52.470938,13.45003
17246,2022-02-25 15:11:56.850831,52.51808,13.4553
18485,2022-02-25 15:11:56.850831,52.495996,13.388747
18866,2022-02-25 15:11:56.850831,52.510204,13.458262
18191,2022-02-25 15:11:56.850831,52.557844,13.3529
15475,2022-02-25 15:11:56.850831,52.504538,13.350456
16378,2022-02-25 15:11:56.850831,52.525018,13.409151
17186,2022-02-25 15:11:56.850831,52.484049,13.366506
18143,2022-02-25 15:11:56.850831,52.536449,13.355048
17618,2022-02-25 15:11:56.850831,52.498071,13.450244
18298,2022-02-25 15:11:56.850831,52.504502,13.323548
16438,2022-02-25 15:11:56.850831,52.519769,13.359499
16933,2022-02-25 15:11:56.850831,52.505213,13.462878
17028,2022-02-25 15:11:56.850831,52.52792,13.394723
19121,2022-02-25 15:11:56.850831,52.491764,13.431828
16293,2022-02-25 15:11:56.850831,52.534135,13.366691
19237,2022-02-25 15:11:56.850831,52.5012,13.411782
17081,2022-02-25 15:11:56.850831,52.498364,13.359599
16613,2022-02-25 15:11:56.850831,52.517027,13.399648
18211,2022-02-25 15:11:56.850831,52.525449,13.379957
18754,2022-02-25 15:11:56.850831,52.512493,13.393732
17981,2022-02-25 15:11:56.850831,52.454858,13.321812
16565,2022-02-25 15:11:56.850831,52.508933,13.399721
18614,2022-02-25 15:11:56.850831,52.534907,13.358419
17175,2022-02-25 15:11:56.850831,52.495978,13.428524
18655,2022-02-25 15:11:56.850831,52.468947,13.433237
18849,2022-02-25 15:11:56.850831,52.532804,13.368434
16854,2022-02-25 15:11:56.850831,52.501156,13.342971
16502,2022-02-25 15:11:56.850831,52.529076,13.408218
18871,2022-02-25 15:11:56.850831,52.517213,13.317364
17787,2022-02-25 15:11:56.850831,52.488324,13.443022
17041,2022-02-25 15:11:56.850831,52.512258,13.319308
16400,2022-02-25 15:11:56.850831,52.490493,13.41911
18471,2022-02-25 15:11:56.850831,52.494262,13.421252
17501,2022-02-25 15:11:56.850831,52.497471,13.410409
16976,2022-02-25 15:11:56.850831,52.515569,13.377321
19267,2022-02-25 15:11:56.850831,52.492662,13.296346
18490,2022-02-25 15:11:56.850831,52.506533,13.318054
16868,2022-02-25 15:11:56.850831,52.513271,13.390067
18666,2022-02-25 15:11:56.850831,52.500902,13.416654
19266,2022-02-25 15:11:56.850831,52.51332,13.382089
18567,2022-02-25 15:11:56.850831,52.536707,13.40425
18716,2022-02-25 15:11:56.850831,52.504027,13.317423
19090,2022-02-25 15:11:56.850831,52.441707,13.315734
18323,2022-02-25 15:11:56.850831,52.527556,13.349697
18559,2022-02-25 15:11:56.850831,52.530787,13.341486
17065,2022-02-25 15:11:56.850831,52.506404,13.322018
17713,2022-02-25 15:11:56.850831,52.523676,13.402766
18713,2022-02-25 15:11:56.850831,52.520484,13.321009
18359,2022-02-25 15:11:56.850831,52.491649,13.446759
17111,2022-02-25 15:11:56.850831,52.49336,13.42125
18347,2022-02-25 15:11:56.850831,52.494787,13.312443
17909,2022-02-25 15:11:56.850831,52.502787,13.423022
17763,2022-02-25 15:11:56.850831,52.526627,13.403762
16896,2022-02-25 15:11:56.850831,52.517196,13.461914
16515,2022-02-25 15:11:56.850831,52.477587,13.424219
18391,2022-02-25 15:11:56.850831,52.500667,13.324966
19144,2022-02-25 15:11:56.850831,52.503133,13.437862
18190,2022-02-25 15:11:56.850831,52.491382,13.3866
18045,2022-02-25 15:11:56.850831,52.501578,13.414878
18226,2022-02-25 15:11:56.850831,52.502284,13.345779
15127,2022-02-25 15:11:56.850831,52.500382,13.349461
17675,2022-02-25 15:11:56.850831,52.516516,13.414278
16890,2022-02-25 15:11:56.850831,52.502951,13.413266
17633,2022-02-25 15:11:56.850831,52.529151,13.517417
18750,2022-02-25 15:11:56.850831,52.481711,13.365426
17871,2022-02-25 15:11:56.850831,52.510564,13.345517
18633,2022-02-25 15:11:56.850831,52.512747,13.308767
17153,2022-02-25 15:11:56.850831,52.502156,13.342293
17961,2022-02-25 15:11:56.850831,52.552391,13.500344
17975,2022-02-25 15:11:56.850831,52.491813,13.491938
17764,2022-02-25 15:11:56.850831,52.51796,13.384066
18041,2022-02-25 15:11:56.850831,52.510742,13.291013
17177,2022-02-25 15:11:56.850831,52.492822,13.426701
18493,2022-02-25 15:11:56.850831,52.505911,13.318056
14394,2022-02-25 15:11:56.850831,52.529249,13.375421
15409,2022-02-25 15:11:56.850831,52.481524,13.438548
17694,2022-02-25 15:11:56.850831,52.505689,13.470904
19088,2022-02-25 15:11:56.850831,52.496671,13.400911
17462,2022-02-25 15:11:56.850831,52.524493,13.358592
13192,2022-02-25 15:11:56.850831,52.513102,13.465981
18568,2022-02-25 15:11:56.850831,52.510333,13.472998
18416,2022-02-25 15:11:56.850831,52.502333,13.351931
17684,2022-02-25 15:11:56.850831,52.538364,13.472019
18605,2022-02-25 15:11:56.850831,52.515738,13.407334
17097,2022-02-25 15:11:56.850831,52.50612,13.332399
17625,2022-02-25 15:11:56.850831,52.537476,13.400354
17426,2022-02-25 15:11:56.850831,52.488942,13.423151
16629,2022-02-25 15:11:56.850831,52.487298,13.444347
18724,2022-02-25 15:11:56.850831,52.500804,13.417614
17600,2022-02-25 15:11:56.850831,52.507178,13.395094
18042,2022-02-25 15:11:56.850831,52.51668,13.381152
17571,2022-02-25 15:11:56.850831,52.479858,13.442281
17227,2022-02-25 15:11:56.850831,52.527378,13.378097
17989,2022-02-25 15:11:56.850831,52.485742,13.425431
19383,2022-02-25 15:11:56.850831,52.507196,13.377808
18603,2022-02-25 15:11:56.850831,52.530818,13.444286
15970,2022-02-25 15:11:56.850831,52.489982,13.38881
16512,2022-02-25 15:11:56.850831,52.500258,13.37502
17665,2022-02-25 15:11:56.850831,52.480404,13.310342
17508,2022-02-25 15:11:56.850831,52.5406,13.419296
16930,2022-02-25 15:11:56.850831,52.497356,13.410478
18860,2022-02-25 15:11:56.850831,52.503791,13.419917
18276,2022-02-25 15:11:56.850831,52.519453,13.418054
18272,2022-02-25 15:11:56.850831,52.520689,13.377659
17367,2022-02-25 15:11:56.850831,52.523307,13.370557
16398,2022-02-25 15:11:56.850831,52.540098,13.398419
17345,2022-02-25 15:11:56.850831,52.5052,13.393091
17700,2022-02-25 15:11:56.850831,52.491987,13.49183
18281,2022-02-25 15:11:56.850831,52.526196,13.36484
18201,2022-02-25 15:11:56.850831,52.507911,13.389973
17166,2022-02-25 15:11:56.850831,52.485773,13.300702
19176,2022-02-25 15:11:56.850831,52.479449,13.436508
17920,2022-02-25 15:11:56.850831,52.485547,13.374856
18987,2022-02-25 15:11:56.850831,52.494329,13.310657
17574,2022-02-25 15:11:56.850831,52.534244,13.425936
18355,2022-02-25 15:11:56.850831,52.498049,13.390484
18560,2022-02-25 15:11:56.850831,52.515,13.409947
18030,2022-02-25 15:11:56.850831,52.543329,13.392381
17310,2022-02-25 15:11:56.850831,52.515364,13.382441
18934,2022-02-25 15:11:56.850831,52.544138,13.360136
16616,2022-02-25 15:11:56.850831,52.492556,13.371889
15181,2022-02-25 15:11:56.850831,52.480418,13.440183
18821,2022-02-25 15:11:56.850831,52.485853,13.430126
18063,2022-02-25 15:11:56.850831,52.481853,13.434226
16810,2022-02-25 15:11:56.850831,52.515724,13.407398
18528,2022-02-25 15:11:56.850831,52.503591,13.339434
17718,2022-02-25 15:11:56.850831,52.542213,13.377852
17921,2022-02-25 15:11:56.850831,52.516471,13.378281
16404,2022-02-25 15:11:56.850831,52.524356,13.285343
16789,2022-02-25 15:11:56.850831,52.490373,13.403116
16617,2022-02-25 15:11:56.850831,52.485,13.457168
16885,2022-02-25 15:11:56.850831,52.509556,13.373953
17598,2022-02-25 15:11:56.850831,52.49256,13.41733
17629,2022-02-25 15:11:56.850831,52.475413,13.4401
17457,2022-02-25 15:11:56.850831,52.518453,13.285544
16395,2022-02-25 15:11:56.850831,52.510089,13.466287
17839,2022-02-25 15:11:56.850831,52.506098,13.332231
16560,2022-02-25 15:11:56.850831,52.475729,13.443574
17542,2022-02-25 15:11:56.850831,52.480493,13.333964
19189,2022-02-25 15:11:56.850831,52.50004,13.435963
16681,2022-02-25 15:11:56.850831,52.502284,13.342596
18823,2022-02-25 15:11:56.850831,52.552,13.375014
18755,2022-02-25 15:11:56.850831,52.49776,13.441514
15450,2022-02-25 15:11:56.850831,52.506462,13.390309
19078,2022-02-25 15:11:56.850831,52.510058,13.403792
19103,2022-02-25 15:11:56.850831,52.513573,13.465639
19375,2022-02-25 15:11:56.850831,52.51612,13.405056
17688,2022-02-25 15:11:56.850831,52.532218,13.433657
18444,2022-02-25 15:11:56.850831,52.501516,13.36727
17346,2022-02-25 15:11:56.850831,52.490658,13.40523
16373,2022-02-25 15:11:56.850831,52.475756,13.44346
16771,2022-02-25 15:11:56.850831,52.50836,13.3746
17969,2022-02-25 15:11:56.850831,52.482702,13.423022
15075,2022-02-25 15:11:56.850831,52.524261,13.370303
18674,2022-02-25 15:11:56.850831,52.529222,13.37556
17068,2022-02-25 15:11:56.850831,52.506218,13.309339
18277,2022-02-25 15:11:56.850831,52.499369,13.351523
16390,2022-02-25 15:11:56.850831,52.509742,13.405674
18213,2022-02-25 15:11:56.850831,52.53112,13.430914
17373,2022-02-25 15:11:56.850831,52.518533,13.32091
16456,2022-02-25 15:11:56.850831,52.504502,13.375193
15295,2022-02-25 15:11:56.850831,52.529651,13.298273
15503,2022-02-25 15:11:56.850831,52.486093,13.432117
18445,2022-02-25 15:11:56.850831,52.494818,13.428756
18771,2022-02-25 15:11:56.850831,52.517556,13.366437
16405,2022-02-25 15:11:56.850831,52.494671,13.352602
16865,2022-02-25 15:11:56.850831,52.501391,13.419383
19001,2022-02-25 15:11:56.850831,52.485476,13.436316
17956,2022-02-25 15:11:56.850831,52.526524,13.369201
18635,2022-02-25 15:11:56.850831,52.527431,13.329563
18125,2022-02-25 15:11:56.850831,52.548569,13.397158
16592,2022-02-25 15:11:56.850831,52.532693,13.414146
16696,2022-02-25 15:11:56.850831,52.491716,13.427767
18811,2022-02-25 15:11:56.850831,52.516244,13.379811
18078,2022-02-25 15:11:56.850831,52.497591,13.423529
17681,2022-02-25 15:11:56.850831,52.528036,13.402861
16622,2022-02-25 15:11:56.850831,52.518369,13.38771
18340,2022-02-25 15:11:56.850831,52.518044,13.432374
18884,2022-02-25 15:11:56.850831,52.496053,13.422272
18803,2022-02-25 15:11:56.850831,52.51372,13.475264
16685,2022-02-25 15:11:56.850831,52.501187,13.327176
18810,2022-02-25 15:11:56.850831,52.525951,13.416164
18484,2022-02-25 15:11:56.850831,52.523676,13.404891
15201,2022-02-25 15:11:56.850831,52.497125,13.447682
18348,2022-02-25 15:11:56.850831,52.491262,13.429169
17252,2022-02-25 15:11:56.850831,52.502893,13.413344
16420,2022-02-25 15:11:56.850831,52.508871,13.36934
17124,2022-02-25 15:11:56.850831,52.503862,13.325551
18474,2022-02-25 15:11:56.850831,52.528702,13.394173
19052,2022-02-25 15:11:56.850831,52.482187,13.363931
17915,2022-02-25 15:11:56.850831,52.498698,13.353503
14364,2022-02-25 15:11:56.850831,52.486427,13.397699
18480,2022-02-25 15:11:56.850831,52.51456,13.384421
19151,2022-02-25 15:11:56.850831,52.503018,13.39435
18685,2022-02-25 15:11:56.850831,52.489516,13.320878
17003,2022-02-25 15:11:56.850831,52.53252,13.397184
17189,2022-02-25 15:11:56.850831,52.47868,13.430064
16934,2022-02-25 15:11:56.850831,52.519538,13.39808
17114,2022-02-25 15:11:56.850831,52.50988,13.393787
16848,2022-02-25 15:11:56.850831,52.516911,13.381152
17164,2022-02-25 15:11:56.850831,52.500351,13.34907
19222,2022-02-25 15:11:56.850831,52.519773,13.295172
15523,2022-02-25 15:11:56.850831,52.512342,13.391667
16412,2022-02-25 15:11:56.850831,52.516351,13.471538
18046,2022-02-25 15:11:56.850831,52.497542,13.41936
18346,2022-02-25 15:11:56.850831,52.491831,13.458264
17865,2022-02-25 15:11:56.850831,52.481609,13.431877
18759,2022-02-25 15:11:56.850831,52.511329,13.448657
19124,2022-02-25 15:11:56.850831,52.482631,13.355312
17506,2022-02-25 15:11:56.850831,52.520987,13.450311
17904,2022-02-25 15:11:56.850831,52.525929,13.448248
17500,2022-02-25 15:11:56.850831,52.476804,13.423947
18644,2022-02-25 15:11:56.850831,52.516587,13.290501
16935,2022-02-25 15:11:56.850831,52.515698,13.44011
16457,2022-02-25 15:11:56.850831,52.479284,13.441178
19272,2022-02-25 15:11:56.850831,52.51652,13.444896
17258,2022-02-25 15:11:56.850831,52.520036,13.386283
16945,2022-02-25 15:11:56.850831,52.537973,13.396717
17521,2022-02-25 15:11:56.850831,52.510009,13.384176
16767,2022-02-25 15:11:56.850831,52.495191,13.406524
17492,2022-02-25 15:11:56.850831,52.503942,13.336707
17595,2022-02-25 15:11:56.850831,52.511827,13.469493
19013,2022-02-25 15:11:56.850831,52.493524,13.353067
16119,2022-02-25 15:11:56.850831,52.526644,13.367179
16418,2022-02-25 15:11:56.850831,52.482191,13.447418
18037,2022-02-25 15:11:56.850831,52.507209,13.461131
18824,2022-02-25 15:11:56.850831,52.493994,13.317522
17658,2022-02-25 15:11:56.850831,52.49172,13.446788
18247,2022-02-25 15:11:56.850831,52.506716,13.390886
16421,2022-02-25 15:11:56.850831,52.502098,13.304854
17383,2022-02-25 15:11:56.850831,52.552,13.357888
16179,2022-02-25 15:11:56.850831,52.539576,13.39474
18767,2022-02-25 15:11:56.850831,52.534618,13.40064
16702,2022-02-25 15:11:56.850831,52.524089,13.382051
18751,2022-02-25 15:11:56.850831,52.545298,13.411271
17720,2022-02-25 15:11:56.850831,52.526324,13.382536
17812,2022-02-25 15:11:56.850831,52.506089,13.333421
17653,2022-02-25 15:11:56.850831,52.5274,13.338714
15499,2022-02-25 15:11:56.850831,52.496516,13.450468
18273,2022-02-25 15:11:56.850831,52.497876,13.410449
17568,2022-02-25 15:11:56.850831,52.504191,13.317489
17664,2022-02-25 15:11:56.850831,52.502449,13.381042
19303,2022-02-25 15:11:56.850831,52.488053,13.386477
18926,2022-02-25 15:11:56.850831,52.503849,13.380369
18748,2022-02-25 15:11:56.850831,52.455036,13.322432
19100,2022-02-25 15:11:56.850831,52.485244,13.437769
19025,2022-02-25 15:11:56.850831,52.521062,13.571558
16555,2022-02-25 15:11:56.850831,52.531284,13.318982
16974,2022-02-25 15:11:56.850831,52.457502,13.349003
15494,2022-02-25 15:11:56.850831,52.500933,13.415394
17668,2022-02-25 15:11:56.850831,52.512662,13.39446
17811,2022-02-25 15:11:56.850831,52.521964,13.409472
19134,2022-02-25 15:11:56.850831,52.490333,13.375323
17897,2022-02-25 15:11:56.850831,52.496249,13.442389
17304,2022-02-25 15:11:56.850831,52.501867,13.414937
17071,2022-02-25 15:11:56.850831,52.502907,13.405379
13599,2022-02-25 15:11:56.850831,52.512476,13.469186
19167,2022-02-25 15:11:56.850831,52.523218,13.435468
19136,2022-02-25 15:11:56.850831,52.524702,13.408974
18005,2022-02-25 15:11:56.850831,52.485458,13.36336
17978,2022-02-25 15:11:56.850831,52.524187,13.409092
18304,2022-02-25 15:11:56.850831,52.504876,13.451143
16587,2022-02-25 15:11:56.850831,52.492969,13.388877
19390,2022-02-25 15:11:56.850831,52.496547,13.36708
17637,2022-02-25 15:11:56.850831,52.500116,13.407667
13472,2022-02-25 15:11:56.850831,52.529046,13.303838
15495,2022-02-25 15:11:56.850831,52.524053,13.406713
19213,2022-02-25 15:11:56.850831,52.479449,13.360612
17923,2022-02-25 15:11:56.850831,52.516893,13.321189
17577,2022-02-25 15:11:56.850831,52.534213,13.328584
16497,2022-02-25 15:11:56.850831,52.50364,13.380357
18730,2022-02-25 15:11:56.850831,52.502742,13.341566
15509,2022-02-25 15:11:56.850831,52.482098,13.433583
17216,2022-02-25 15:11:56.850831,52.491716,13.450216
16599,2022-02-25 15:11:56.850831,52.494173,13.418476
17300,2022-02-25 15:11:56.850831,52.518969,13.286443
15577,2022-02-25 15:11:56.850831,52.504427,13.359259
16689,2022-02-25 15:11:56.850831,52.496876,13.354874
17272,2022-02-25 15:11:56.850831,52.484253,13.438714
17950,2022-02-25 15:11:56.850831,52.512387,13.466216
18604,2022-02-25 15:11:56.850831,52.513716,13.404234
18362,2022-02-25 15:11:56.850831,52.538062,13.42332
17134,2022-02-25 15:11:56.850831,52.520773,13.376956
17932,2022-02-25 15:11:56.850831,52.526409,13.370442
17435,2022-02-25 15:11:56.850831,52.499893,13.437891
17420,2022-02-25 15:11:56.850831,52.526911,13.418677
19061,2022-02-25 15:11:56.850831,52.470453,13.45264
18315,2022-02-25 15:11:56.850831,52.494191,13.342193
18316,2022-02-25 15:11:56.850831,52.513751,13.391152
17405,2022-02-25 15:11:56.850831,52.506071,13.289289
17861,2022-02-25 15:11:56.850831,52.522307,13.288817
17538,2022-02-25 15:11:56.850831,52.484698,13.369389
18115,2022-02-25 15:11:56.850831,52.515116,13.433992
18792,2022-02-25 15:11:56.850831,52.492071,13.427093
16489,2022-02-25 15:11:56.850831,52.501889,13.321769
16954,2022-02-25 15:11:56.850831,52.532049,13.425798
19160,2022-02-25 15:11:56.850831,52.508493,13.377992
18976,2022-02-25 15:11:56.850831,52.519173,13.380166
17229,2022-02-25 15:11:56.850831,52.483742,13.394876
18195,2022-02-25 15:11:56.850831,52.515627,13.298107
18411,2022-02-25 15:11:56.850831,52.523307,13.46442
17333,2022-02-25 15:11:56.850831,52.503871,13.334153
17061,2022-02-25 15:11:56.850831,52.511889,13.326943
17671,2022-02-25 15:11:56.850831,52.536996,13.42629
17889,2022-02-25 15:11:56.850831,52.512213,13.434208
18756,2022-02-25 15:11:56.850831,52.528644,13.411181
17143,2022-02-25 15:11:56.850831,52.494773,13.284928
16939,2022-02-25 15:11:56.850831,52.486551,13.446417
17141,2022-02-25 15:11:56.850831,52.492667,13.459519
17064,2022-02-25 15:11:56.850831,52.51084,13.471247
18010,2022-02-25 15:11:56.850831,52.505227,13.334739
17878,2022-02-25 15:11:56.850831,52.525627,13.450187
18432,2022-02-25 15:11:56.850831,52.51796,13.323737
17425,2022-02-25 15:11:56.850831,52.516147,13.396642
17076,2022-02-25 15:11:56.850831,52.477964,13.430583
17161,2022-02-25 15:11:56.850831,52.491262,13.423416
15418,2022-02-25 15:11:56.850831,52.503871,13.330746
19162,2022-02-25 15:11:56.850831,52.531178,13.430869
17562,2022-02-25 15:11:56.850831,52.502578,13.344651
16332,2022-02-25 15:11:56.850831,52.48271,13.431393
17026,2022-02-25 15:11:56.850831,52.545676,13.445169
16787,2022-02-25 15:11:56.850831,52.509853,13.421871
16386,2022-02-25 15:11:56.850831,52.529604,13.341887
19230,2022-02-25 15:11:56.850831,52.544164,13.372976
16975,2022-02-25 15:11:56.850831,52.49376,13.346823
18085,2022-02-25 15:11:56.850831,52.547751,13.412673
18303,2022-02-25 15:11:56.850831,52.531084,13.416113
19072,2022-02-25 15:11:56.850831,52.515373,13.440743
17443,2022-02-25 15:11:56.850831,52.482462,13.423116
18159,2022-02-25 15:11:56.850831,52.50612,13.312059
19178,2022-02-25 15:11:56.850831,52.472707,13.450187
19059,2022-02-25 15:11:56.850831,52.541267,13.409364
17436,2022-02-25 15:11:56.850831,52.503076,13.339373
19119,2022-02-25 15:11:56.850831,52.502382,13.394301
17414,2022-02-25 15:11:56.850831,52.490636,13.422758
17985,2022-02-25 15:11:56.850831,52.508876,13.286108
17587,2022-02-25 15:11:56.850831,52.526124,13.398657
18327,2022-02-25 15:11:56.850831,52.511791,13.381246
18998,2022-02-25 15:11:56.850831,52.498204,13.348139
17031,2022-02-25 15:11:56.850831,52.480649,13.436046
18662,2022-02-25 15:11:56.850831,52.516409,13.461196
16161,2022-02-25 15:11:56.850831,52.501,13.364018
18793,2022-02-25 15:11:56.850831,52.496271,13.440552
18367,2022-02-25 15:11:56.850831,52.531667,13.343304
18777,2022-02-25 15:11:56.850831,52.545329,13.411266
16902,2022-02-25 15:11:56.850831,52.516222,13.381236
18409,2022-02-25 15:11:56.850831,52.514258,13.459318
16640,2022-02-25 15:11:56.850831,52.513658,13.476544
17875,2022-02-25 15:11:56.850831,52.496458,13.435506
17986,2022-02-25 15:11:56.850831,52.541782,13.367092
17132,2022-02-25 15:11:56.850831,52.530542,13.386002
18999,2022-02-25 15:11:56.850831,52.523844,13.386448
18822,2022-02-25 15:11:56.850831,52.511142,13.336881
16923,2022-02-25 15:11:56.850831,52.505289,13.466513
15738,2022-02-25 15:11:56.850831,52.520938,13.338571
16964,2022-02-25 15:11:56.850831,52.527338,13.419276
19320,2022-02-25 15:11:56.850831,52.524804,13.420072
16887,2022-02-25 15:11:56.850831,52.491311,13.413023
16983,2022-02-25 15:11:56.850831,52.503044,13.421002
17998,2022-02-25 15:11:56.850831,52.518076,13.415959
19093,2022-02-25 15:11:56.850831,52.503742,13.436389
16553,2022-02-25 15:11:56.850831,52.503338,13.327502
17510,2022-02-25 15:11:56.850831,52.501791,13.415009
16811,2022-02-25 15:11:56.850831,52.52024,13.390154
17313,2022-02-25 15:11:56.850831,52.521476,13.285716
19389,2022-02-25 15:11:56.850831,52.520876,13.411846
19202,2022-02-25 15:11:56.850831,52.530467,13.455259
18937,2022-02-25 15:11:56.850831,52.516431,13.37761
18345,2022-02-25 15:11:56.850831,52.529818,13.404262
16704,2022-02-25 15:11:56.850831,52.526302,13.345066
16393,2022-02-25 15:11:56.850831,52.505062,13.306913
16691,2022-02-25 15:11:56.850831,52.523471,13.37971
18734,2022-02-25 15:11:56.850831,52.482284,13.363942
18658,2022-02-25 15:11:56.850831,52.488124,13.455831
16372,2022-02-25 15:11:56.850831,52.482316,13.442938
19190,2022-02-25 15:11:56.850831,52.529356,13.39253
17588,2022-02-25 15:11:56.850831,52.500627,13.396531
17347,2022-02-25 15:11:56.850831,52.539373,13.343567
19073,2022-02-25 15:11:56.850831,52.50804,13.405564
17785,2022-02-25 15:11:56.850831,52.497916,13.391722
17020,2022-02-25 15:11:56.850831,52.517369,13.337238
18140,2022-02-25 15:11:56.850831,52.559342,13.397113
19122,2022-02-25 15:11:56.850831,52.498911,13.446433
17879,2022-02-25 15:11:56.850831,52.502489,13.418294
18365,2022-02-25 15:11:56.850831,52.509702,13.461551
18584,2022-02-25 15:11:56.850831,52.502382,13.407499
16455,2022-02-25 15:11:56.850831,52.520973,13.394776
17171,2022-02-25 15:11:56.850831,52.530418,13.454762
17547,2022-02-25 15:11:56.850831,52.491938,13.431749
16936,2022-02-25 15:11:56.850831,52.516364,13.376768
19300,2022-02-25 15:11:56.850831,52.516458,13.376508
18508,2022-02-25 15:11:56.850831,52.51388,13.391453
18786,2022-02-25 15:11:56.850831,52.516813,13.383976
16952,2022-02-25 15:11:56.850831,52.502196,13.336548
16506,2022-02-25 15:11:56.850831,52.51676,13.382914
17481,2022-02-25 15:11:56.850831,52.530973,13.410198
18715,2022-02-25 15:11:56.850831,52.537267,13.45142
18189,2022-02-25 15:11:56.850831,52.504458,13.392772
16857,2022-02-25 15:11:56.850831,52.523249,13.370424
14483,2022-02-25 15:11:56.850831,52.477936,13.330133
18414,2022-02-25 15:11:56.850831,52.489804,13.404766
17460,2022-02-25 15:11:56.850831,52.4914,13.425318
18702,2022-02-25 15:11:56.850831,52.501822,13.311232
18573,2022-02-25 15:11:56.850831,52.474893,13.444523
18780,2022-02-25 15:11:56.850831,52.505542,13.305682
16583,2022-02-25 15:11:56.850831,52.497387,13.291958
16544,2022-02-25 15:11:56.850831,52.514471,13.384904
18511,2022-02-25 15:11:56.850831,52.530111,13.408656
17282,2022-02-25 15:11:56.850831,52.538324,13.419879
17748,2022-02-25 15:11:56.850831,52.498938,13.423539
18074,2022-02-25 15:11:56.850831,52.531844,13.328827
16519,2022-02-25 15:11:56.850831,52.533747,13.427282
16529,2022-02-25 15:11:56.850831,52.483836,13.39465
17279,2022-02-25 15:11:56.850831,52.499716,13.435337
18338,2022-02-25 15:11:56.850831,52.501716,13.409659
17822,2022-02-25 15:11:56.850831,52.518089,13.323578
18591,2022-02-25 15:11:56.850831,52.51592,13.331936
18684,2022-02-25 15:11:56.850831,52.484911,13.379728
16550,2022-02-25 15:11:56.850831,52.501951,13.312001
14660,2022-02-25 15:11:56.850831,52.509882,13.392081
17477,2022-02-25 15:11:56.850831,52.500911,13.416904
18825,2022-02-25 15:11:56.850831,52.501573,13.369379
18852,2022-02-25 15:11:56.850831,52.541404,13.407354
14396,2022-02-25 15:11:56.850831,52.491314,13.386329
15248,2022-02-25 15:11:56.850831,52.494143,13.426448
17084,2022-02-25 15:11:56.850831,52.518964,13.391412
17148,2022-02-25 15:11:56.850831,52.482129,13.443642
18385,2022-02-25 15:11:56.850831,52.536636,13.395121
14421,2022-02-25 15:11:56.850831,52.499022,13.438109
19165,2022-02-25 15:11:56.850831,52.517507,13.366333
17992,2022-02-25 15:11:56.850831,52.485222,13.42949
18807,2022-02-25 15:11:56.850831,52.517773,13.463167
16856,2022-02-25 15:11:56.850831,52.469733,13.422982
18683,2022-02-25 15:11:56.850831,52.513938,13.440503
18897,2022-02-25 15:11:56.850831,52.52932,13.326968
18430,2022-02-25 15:11:56.850831,52.503476,13.350558
16664,2022-02-25 15:11:56.850831,52.516489,13.377487
16822,2022-02-25 15:11:56.850831,52.516542,13.464081
17639,2022-02-25 15:11:56.850831,52.510031,13.377881
18979,2022-02-25 15:11:56.850831,52.482267,13.362791
17548,2022-02-25 15:11:56.850831,52.500569,13.396364
17933,2022-02-25 15:11:56.850831,52.505271,13.44768
18668,2022-02-25 15:11:56.850831,52.436933,13.37493
15255,2022-02-25 15:11:56.850831,52.549133,13.380713
19173,2022-02-25 15:11:56.850831,52.532453,13.409099
18378,2022-02-25 15:11:56.850831,52.524164,13.399378
18249,2022-02-25 15:11:56.850831,52.517627,13.427668
16967,2022-02-25 15:11:56.850831,52.516316,13.381494
16768,2022-02-25 15:11:56.850831,52.500547,13.336839
18138,2022-02-25 15:11:56.850831,52.501213,13.361788
17235,2022-02-25 15:11:56.850831,52.525733,13.450257
17756,2022-02-25 15:11:56.850831,52.496569,13.420278
16676,2022-02-25 15:11:56.850831,52.503733,13.297288
18705,2022-02-25 15:11:56.850831,52.512076,13.309304
18193,2022-02-25 15:11:56.850831,52.524,13.318769
16415,2022-02-25 15:11:56.850831,52.529809,13.449513
17355,2022-02-25 15:11:56.850831,52.480053,13.454424
18766,2022-02-25 15:11:56.850831,52.518778,13.28539
18710,2022-02-25 15:11:56.850831,52.489889,13.40474
17321,2022-02-25 15:11:56.850831,52.49804,13.435926
18457,2022-02-25 15:11:56.850831,52.532382,13.421249
18289,2022-02-25 15:11:56.850831,52.480844,13.328572
17573,2022-02-25 15:11:56.850831,52.496689,13.424082
16579,2022-02-25 15:11:56.850831,52.476804,13.441327
16487,2022-02-25 15:11:56.850831,52.492324,13.388377
17858,2022-02-25 15:11:56.850831,52.494249,13.426383
16603,2022-02-25 15:11:56.850831,52.504258,13.420468
19349,2022-02-25 15:11:56.850831,52.516724,13.393048
16419,2022-02-25 15:11:56.850831,52.532964,13.431889
17809,2022-02-25 15:11:56.850831,52.524307,13.426513
18615,2022-02-25 15:11:56.850831,52.491942,13.450952
19381,2022-02-25 15:11:56.850831,52.498413,13.394922
16443,2022-02-25 15:11:56.850831,52.488849,13.403416
18292,2022-02-25 15:11:56.850831,52.520711,13.356279
19056,2022-02-25 15:11:56.850831,52.500747,13.417649
17620,2022-02-25 15:11:56.850831,52.52396,13.381891
14250,2022-02-25 15:11:56.850831,52.506653,13.285514
16833,2022-02-25 15:11:56.850831,52.539453,13.398786
17159,2022-02-25 15:11:56.850831,52.504289,13.400491
17522,2022-02-25 15:11:56.850831,52.504271,13.441644
16989,2022-02-25 15:11:56.850831,52.494471,13.418226
19064,2022-02-25 15:11:56.850831,52.521738,13.402504
18688,2022-02-25 15:11:56.850831,52.501098,13.325709
17526,2022-02-25 15:11:56.850831,52.49304,13.460541
18839,2022-02-25 15:11:56.850831,52.527489,13.419411
16943,2022-02-25 15:11:56.850831,52.479004,13.444842
18366,2022-02-25 15:11:56.850831,52.505049,13.449941
18227,2022-02-25 15:11:56.850831,52.491529,13.386597
18596,2022-02-25 15:11:56.850831,52.498747,13.368478
19186,2022-02-25 15:11:56.850831,52.517156,13.283367
17410,2022-02-25 15:11:56.850831,52.50048,13.42602
17535,2022-02-25 15:11:56.850831,52.489747,13.35237
19239,2022-02-25 15:11:56.850831,52.524911,13.4168
15121,2022-02-25 15:11:56.850831,52.519293,13.360581
16803,2022-02-25 15:11:56.850831,52.530102,13.409087
17843,2022-02-25 15:11:56.850831,52.508831,13.451156
16782,2022-02-25 15:11:56.850831,52.524258,13.339736
17645,2022-02-25 15:11:56.850831,52.518636,13.39607
18300,2022-02-25 15:11:56.850831,52.553733,13.391314
17386,2022-02-25 15:11:56.850831,52.487898,13.357866
17133,2022-02-25 15:11:56.850831,52.496209,13.342859
15193,2022-02-25 15:11:56.850831,52.501987,13.322036
18230,2022-02-25 15:11:56.850831,52.493564,13.423127
18077,2022-02-25 15:11:56.850831,52.491382,13.386526
16375,2022-02-25 15:11:56.850831,52.515591,13.337553
19041,2022-02-25 15:11:56.850831,52.532667,13.426924
18239,2022-02-25 15:11:56.850831,52.523876,13.399456
17439,2022-02-25 15:11:56.850831,52.510778,13.451127
17358,2022-02-25 15:11:56.850831,52.531436,13.384072
19003,2022-02-25 15:11:56.850831,52.518173,13.322542
18325,2022-02-25 15:11:56.850831,52.510116,13.30742
16408,2022-02-25 15:11:56.850831,52.484333,13.431507
18858,2022-02-25 15:11:56.850831,52.504964,13.30656
18075,2022-02-25 15:11:56.850831,52.485489,13.42996
16871,2022-02-25 15:11:56.850831,52.501009,13.381773
16807,2022-02-25 15:11:56.850831,52.494578,13.409571
17050,2022-02-25 15:11:56.850831,52.488671,13.477507
18242,2022-02-25 15:11:56.850831,52.494378,13.322163
18035,2022-02-25 15:11:56.850831,52.514324,13.34489
19284,2022-02-25 15:11:56.850831,52.496111,13.355158
16921,2022-02-25 15:11:56.850831,52.521929,13.405036
15470,2022-02-25 15:11:56.850831,52.506787,13.345109
18185,2022-02-25 15:11:56.850831,52.51172,13.448802
17762,2022-02-25 15:11:56.850831,52.498267,13.446347
17520,2022-02-25 15:11:56.850831,52.506716,13.391507
18626,2022-02-25 15:11:56.850831,52.492569,13.389314
17503,2022-02-25 15:11:56.850831,52.508387,13.472559
16744,2022-02-25 15:11:56.850831,52.514604,13.287874
17145,2022-02-25 15:11:56.850831,52.527529,13.415952
16389,2022-02-25 15:11:56.850831,52.519889,13.295229
16574,2022-02-25 15:11:56.850831,52.518662,13.285481
19156,2022-02-25 15:11:56.850831,52.548684,13.401684
18099,2022-02-25 15:11:56.850831,52.524676,13.465303
17011,2022-02-25 15:11:56.850831,52.510276,13.438433
16230,2022-02-25 15:11:56.850831,52.489275,13.392183
18579,2022-02-25 15:11:56.850831,52.521076,13.385309
17035,2022-02-25 15:11:56.850831,52.505298,13.343552
17576,2022-02-25 15:11:56.850831,52.548258,13.389612
19347,2022-02-25 15:11:56.850831,52.504818,13.356781
17731,2022-02-25 15:11:56.850831,52.479213,13.320997
16791,2022-02-25 15:11:56.850831,52.499533,13.4447
17113,2022-02-25 15:11:56.850831,52.534969,13.432758
16759,2022-02-25 15:11:56.850831,52.475138,13.44491
17827,2022-02-25 15:11:56.850831,52.523453,13.407271
17336,2022-02-25 15:11:56.850831,52.497347,13.354498
18153,2022-02-25 15:11:56.850831,52.494391,13.433823
18192,2022-02-25 15:11:56.850831,52.517404,13.377572
17914,2022-02-25 15:11:56.850831,52.505404,13.393131
17142,2022-02-25 15:11:56.850831,52.49584,13.433712
17504,2022-02-25 15:11:56.850831,52.495849,13.340607
16604,2022-02-25 15:11:56.850831,52.530573,13.411822
19242,2022-02-25 15:11:56.850831,52.504022,13.331999
18166,2022-02-25 15:11:56.850831,52.450022,13.316347
18034,2022-02-25 15:11:56.850831,52.495169,13.389199
18714,2022-02-25 15:11:56.850831,52.532667,13.397067
16753,2022-02-25 15:11:56.850831,52.478076,13.430467
17202,2022-02-25 15:11:56.850831,52.503516,13.403622
17717,2022-02-25 15:11:56.850831,52.494622,13.418907
16870,2022-02-25 15:11:56.850831,52.506182,13.315853
17959,2022-02-25 15:11:56.850831,52.46984,13.492057
17060,2022-02-25 15:11:56.850831,52.514298,13.387232
16657,2022-02-25 15:11:56.850831,52.522462,13.384222
18874,2022-02-25 15:11:56.850831,52.5026,13.396881
17010,2022-02-25 15:11:56.850831,52.53388,13.426829
18970,2022-02-25 15:11:56.850831,52.50336,13.290859
18862,2022-02-25 15:11:56.850831,52.50988,13.398352
18278,2022-02-25 15:11:56.850831,52.509471,13.375913
17446,2022-02-25 15:11:56.850831,52.524449,13.407822
17203,2022-02-25 15:11:56.850831,52.509009,13.373426
17306,2022-02-25 15:11:56.850831,52.505151,13.346008
14766,2022-02-25 15:11:56.850831,52.545306,13.454527
17241,2022-02-25 15:11:56.850831,52.53812,13.387064
17083,2022-02-25 15:11:56.850831,52.506924,13.30828
18069,2022-02-25 15:11:56.850831,52.506298,13.37406
16540,2022-02-25 15:11:56.850831,52.508876,13.326914
17487,2022-02-25 15:11:56.850831,52.521844,13.393662
18845,2022-02-25 15:11:56.850831,52.50532,13.463388
17848,2022-02-25 15:11:56.850831,52.471076,13.420728
16563,2022-02-25 15:11:56.850831,52.496222,13.423767
16548,2022-02-25 15:11:56.850831,52.498236,13.447243
18772,2022-02-25 15:11:56.850831,52.507093,13.332976
18263,2022-02-25 15:11:56.850831,52.529662,13.407924
16450,2022-02-25 15:11:56.850831,52.522778,13.38385
18036,2022-02-25 15:11:56.850831,52.51668,13.47794
18691,2022-02-25 15:11:56.850831,52.49708,13.425556
17007,2022-02-25 15:11:56.850831,52.500876,13.42064
15446,2022-02-25 15:11:56.850831,52.491862,13.350558
15196,2022-02-25 15:11:56.850831,52.514227,13.326654
18541,2022-02-25 15:11:56.850831,52.502916,13.365112
16862,2022-02-25 15:11:56.850831,52.502271,13.407398
17757,2022-02-25 15:11:56.850831,52.531084,13.422131
19248,2022-02-25 15:11:56.850831,52.470827,13.446354
16469,2022-02-25 15:11:56.850831,52.473631,13.449951
16953,2022-02-25 15:11:56.850831,52.487964,13.430014
16597,2022-02-25 15:11:56.850831,52.50244,13.394644
18500,2022-02-25 15:11:56.850831,52.5014,13.43149
18070,2022-02-25 15:11:56.850831,52.529191,13.591437
17406,2022-02-25 15:11:56.850831,52.504476,13.390169
16785,2022-02-25 15:11:56.850831,52.504022,13.428544
17244,2022-02-25 15:11:56.850831,52.509262,13.312421
18033,2022-02-25 15:11:56.850831,52.500862,13.292068
17866,2022-02-25 15:11:56.850831,52.524493,13.410172
17779,2022-02-25 15:11:56.850831,52.466164,13.486364
16679,2022-02-25 15:11:56.850831,52.500782,13.331821
19063,2022-02-25 15:11:56.850831,52.5296,13.408734
17352,2022-02-25 15:11:56.850831,52.501213,13.341928
18450,2022-02-25 15:11:56.850831,52.5194,13.291488
17778,2022-02-25 15:11:56.850831,52.528311,13.381238
18326,2022-02-25 15:11:56.850831,52.500209,13.387649
15186,2022-02-25 15:11:56.850831,52.487844,13.345284
19174,2022-02-25 15:11:56.850831,52.506382,13.373442
18515,2022-02-25 15:11:56.850831,52.51224,13.434149
19384,2022-02-25 15:11:56.850831,52.496102,13.456894
17603,2022-02-25 15:11:56.850831,52.506716,13.331893
17597,2022-02-25 15:11:56.850831,52.479982,13.342448
19129,2022-02-25 15:11:56.850831,52.505053,13.348932
15457,2022-02-25 15:11:56.850831,52.531511,13.328558
18208,2022-02-25 15:11:56.850831,52.494978,13.383297
16576,2022-02-25 15:11:56.850831,52.526698,13.36934
17320,2022-02-25 15:11:56.850831,52.52404,13.439194
15372,2022-02-25 15:11:56.850831,52.500887,13.312881
16584,2022-02-25 15:11:56.850831,52.485204,13.43268
18787,2022-02-25 15:11:56.850831,52.480102,13.439588
19159,2022-02-25 15:11:56.850831,52.506031,13.318349
17188,2022-02-25 15:11:56.850831,52.499231,13.419519
14994,2022-02-25 15:11:56.850831,52.502494,13.394662
18582,2022-02-25 15:11:56.850831,52.500049,13.372116
14999,2022-02-25 15:11:56.850831,52.517327,13.380139
17309,2022-02-25 15:11:56.850831,52.512467,13.394226
16460,2022-02-25 15:11:56.850831,52.529018,13.411113
17359,2022-02-25 15:11:56.850831,52.483027,13.427556
18007,2022-02-25 15:11:56.850831,52.505093,13.447758
16926,2022-02-25 15:11:56.850831,52.502427,13.468596
17635,2022-02-25 15:11:56.850831,52.502529,13.380878
15469,2022-02-25 15:11:56.850831,52.477676,13.423972
18842,2022-02-25 15:11:56.850831,52.487191,13.436864
18415,2022-02-25 15:11:56.850831,52.514404,13.395336
17474,2022-02-25 15:11:56.850831,52.525267,13.528929
18410,2022-02-25 15:11:56.850831,52.51124,13.411361
16882,2022-02-25 15:11:56.850831,52.502458,13.394741
16615,2022-02-25 15:11:56.850831,52.518302,13.37768
17601,2022-02-25 15:11:56.850831,52.520084,13.466211
18421,2022-02-25 15:11:56.850831,52.494924,13.431834
17201,2022-02-25 15:11:56.850831,52.527213,13.351638
17908,2022-02-25 15:11:56.850831,52.513649,13.471943
18162,2022-02-25 15:11:56.850831,52.509413,13.373104
16995,2022-02-25 15:11:56.850831,52.479102,13.334687
18749,2022-02-25 15:11:56.850831,52.506822,13.303204
18240,2022-02-25 15:11:56.850831,52.516071,13.377651
18530,2022-02-25 15:11:56.850831,52.503889,13.424909
15360,2022-02-25 15:11:56.850831,52.4908,13.319395
17971,2022-02-25 15:11:56.850831,52.506356,13.392426
18784,2022-02-25 15:11:56.850831,52.518164,13.389028
17972,2022-02-25 15:11:56.850831,52.530111,13.40199
17888,2022-02-25 15:11:56.850831,52.498591,13.322764
17814,2022-02-25 15:11:56.850831,52.487658,13.426904
18863,2022-02-25 15:11:56.850831,52.505436,13.36301
18933,2022-02-25 15:11:56.850831,52.5108,13.437116
15898,2022-02-25 15:11:56.850831,52.500996,13.314624
18009,2022-02-25 15:11:56.850831,52.520542,13.38804
19030,2022-02-25 15:11:56.850831,52.490942,13.405009
16905,2022-02-25 15:11:56.850831,52.52656,13.345814
17178,2022-02-25 15:11:56.850831,52.536133,13.43054
18097,2022-02-25 15:11:56.850831,52.49376,13.317308
17869,2022-02-25 15:11:56.850831,52.51172,13.426921
17404,2022-02-25 15:11:56.850831,52.495436,13.301866
19188,2022-02-25 15:11:56.850831,52.472093,13.335791
19139,2022-02-25 15:11:56.850831,52.492009,13.392648
16656,2022-02-25 15:11:56.850831,52.547102,13.418777
17062,2022-02-25 15:11:56.850831,52.494493,13.418677
18881,2022-02-25 15:11:56.850831,52.524702,13.409196
19236,2022-02-25 15:11:56.850831,52.525742,13.387232
15826,2022-02-25 15:11:56.850831,52.492621,13.392961
17805,2022-02-25 15:11:56.850831,52.524747,13.401631
16688,2022-02-25 15:11:56.850831,52.499862,13.439207
16792,2022-02-25 15:11:56.850831,52.518538,13.417494
17116,2022-02-25 15:11:56.850831,52.506542,13.308237
18310,2022-02-25 15:11:56.850831,52.511591,13.456987
18206,2022-02-25 15:11:56.850831,52.482844,13.330748
15463,2022-02-25 15:11:56.850831,52.484031,13.439268
18381,2022-02-25 15:11:56.850831,52.496191,13.40567
16558,2022-02-25 15:11:56.850831,52.516196,13.471206
18073,2022-02-25 15:11:56.850831,52.500538,13.427088
17101,2022-02-25 15:11:56.850831,52.490991,13.421222
18814,2022-02-25 15:11:56.850831,52.542516,13.378887
16796,2022-02-25 15:11:56.850831,52.502773,13.467869
16533,2022-02-25 15:11:56.850831,52.506827,13.388257
18497,2022-02-25 15:11:56.850831,52.532871,13.42464
17157,2022-02-25 15:11:56.850831,52.504187,13.337478
18332,2022-02-25 15:11:56.850831,52.508804,13.391449
17776,2022-02-25 15:11:56.850831,52.498609,13.447294
18679,2022-02-25 15:11:56.850831,52.519742,13.406093
18105,2022-02-25 15:11:56.850831,52.51696,13.381484
16537,2022-02-25 15:11:56.850831,52.520444,13.323881
18353,2022-02-25 15:11:56.850831,52.490502,13.456218
15468,2022-02-25 15:11:56.850831,52.499089,13.395642
18594,2022-02-25 15:11:56.850831,52.524053,13.438768
18439,2022-02-25 15:11:56.850831,52.525733,13.387293
18237,2022-02-25 15:11:56.850831,52.532707,13.433511
19014,2022-02-25 15:11:56.850831,52.512933,13.307253
18744,2022-02-25 15:11:56.850831,52.495418,13.422111
17736,2022-02-25 15:11:56.850831,52.520311,13.423474
15380,2022-02-25 15:11:56.850831,52.499559,13.428486
19110,2022-02-25 15:11:56.850831,52.487693,13.387311
17594,2022-02-25 15:11:56.850831,52.506044,13.330536
16580,2022-02-25 15:11:56.850831,52.543702,13.421769
19004,2022-02-25 15:11:56.850831,52.50556,13.447213
16737,2022-02-25 15:11:56.850831,52.510253,13.403184
16575,2022-02-25 15:11:56.850831,52.51464,13.417991
17580,2022-02-25 15:11:56.850831,52.508098,13.332123
17742,2022-02-25 15:11:56.850831,52.512827,13.470092
18996,2022-02-25 15:11:56.850831,52.502529,13.415704
19207,2022-02-25 15:11:56.850831,52.49148,13.424548
19364,2022-02-25 15:11:56.850831,52.489973,13.410388
16619,2022-02-25 15:11:56.850831,52.507862,13.280959
16569,2022-02-25 15:11:56.850831,52.521551,13.413059
15402,2022-02-25 15:11:56.850831,52.533471,13.422412
15459,2022-02-25 15:11:56.850831,52.497436,13.42349
18722,2022-02-25 15:11:56.850831,52.505133,13.343461
14792,2022-02-25 15:11:56.850831,52.519303,13.397924
18279,2022-02-25 15:11:56.850831,52.50932,13.458987
15531,2022-02-25 15:11:56.850831,52.5226,13.458154
17515,2022-02-25 15:11:56.850831,52.492942,13.425607
16743,2022-02-25 15:11:56.850831,52.534862,13.397424
18388,2022-02-25 15:11:56.850831,52.498404,13.442458
18525,2022-02-25 15:11:56.850831,52.496271,13.421012
17982,2022-02-25 15:11:56.850831,52.55148,13.417279
19224,2022-02-25 15:11:56.850831,52.501929,13.417714
17379,2022-02-25 15:11:56.850831,52.510858,13.301469
16530,2022-02-25 15:11:56.850831,52.539689,13.407216
18467,2022-02-25 15:11:56.850831,52.475324,13.42631
16474,2022-02-25 15:11:56.850831,52.504093,13.374082
18307,2022-02-25 15:11:56.850831,52.499658,13.318101
17651,2022-02-25 15:11:56.850831,52.504258,13.287152
17043,2022-02-25 15:11:56.850831,52.522053,13.325014
17437,2022-02-25 15:11:56.850831,52.517164,13.321759
17089,2022-02-25 15:11:56.850831,52.50332,13.339197
16825,2022-02-25 15:11:56.850831,52.523747,13.401082
18233,2022-02-25 15:11:56.850831,52.537044,13.451691
18312,2022-02-25 15:11:56.850831,52.459596,13.342202
14854,2022-02-25 15:11:56.850831,52.502174,13.417147
18616,2022-02-25 15:11:56.850831,52.4928,13.306681
19163,2022-02-25 15:11:56.850831,52.481058,13.433048
17049,2022-02-25 15:11:56.850831,52.503671,13.450433
17581,2022-02-25 15:11:56.850831,52.501409,13.464642
18317,2022-02-25 15:11:56.850831,52.4902,13.400624
19131,2022-02-25 15:11:56.850831,52.470538,13.442153
16411,2022-02-25 15:11:56.850831,52.511173,13.395738
17732,2022-02-25 15:11:56.850831,52.480324,13.332098
17885,2022-02-25 15:11:56.850831,52.544147,13.373289
15316,2022-02-25 15:11:56.850831,52.520764,13.411982
17918,2022-02-25 15:11:56.850831,52.526711,13.447904
15247,2022-02-25 15:11:56.850831,52.516086,13.401403
17378,2022-02-25 15:11:56.850831,52.514578,13.467316
18563,2022-02-25 15:11:56.850831,52.532871,13.391492
15515,2022-02-25 15:11:56.850831,52.504071,13.329733
17983,2022-02-25 15:11:56.850831,52.545182,13.352979
18022,2022-02-25 15:11:56.850831,52.505049,13.333812
19252,2022-02-25 15:11:56.850831,52.521378,13.400358
19143,2022-02-25 15:11:56.850831,52.53396,13.512842
17459,2022-02-25 15:11:56.850831,52.516431,13.43578
18483,2022-02-25 15:11:56.850831,52.519889,13.396106
17881,2022-02-25 15:11:56.850831,52.507253,13.381433
15516,2022-02-25 15:11:56.850831,52.486351,13.320802
16863,2022-02-25 15:11:56.850831,52.523551,13.4508
18599,2022-02-25 15:11:56.850831,52.505236,13.369094
17661,2022-02-25 15:11:56.850831,52.519933,13.326841
16758,2022-02-25 15:11:56.850831,52.516578,13.380904
17566,2022-02-25 15:11:56.850831,52.528556,13.418797
18420,2022-02-25 15:11:56.850831,52.501098,13.44167
19219,2022-02-25 15:11:56.850831,52.490133,13.38866
18252,2022-02-25 15:11:56.850831,52.509262,13.377499
17844,2022-02-25 15:11:56.850831,52.501791,13.364369
16535,2022-02-25 15:11:56.850831,52.519587,13.423316
17666,2022-02-25 15:11:56.850831,52.543898,13.370483
15435,2022-02-25 15:11:56.850831,52.48352,13.442531
18813,2022-02-25 15:11:56.850831,52.505271,13.418547
17628,2022-02-25 15:11:56.850831,52.512858,13.432112
17724,2022-02-25 15:11:56.850831,52.510742,13.436593
18284,2022-02-25 15:11:56.850831,52.519342,13.397949
17715,2022-02-25 15:11:56.850831,52.480898,13.432947
17486,2022-02-25 15:11:56.850831,52.516013,13.377578
17004,2022-02-25 15:11:56.850831,52.519533,13.379701
18428,2022-02-25 15:11:56.850831,52.48388,13.361751
18215,2022-02-25 15:11:56.850831,52.519351,13.395276
17727,2022-02-25 15:11:56.850831,52.511253,13.411224
19020,2022-02-25 15:11:56.850831,52.493271,13.383047
17066,2022-02-25 15:11:56.850831,52.520653,13.411373
16999,2022-02-25 15:11:56.850831,52.547649,13.388849
18253,2022-02-25 15:11:56.850831,52.512484,13.391443
16614,2022-02-25 15:11:56.850831,52.498973,13.302236
18342,2022-02-25 15:11:56.850831,52.479364,13.446734
17264,2022-02-25 15:11:56.850831,52.547444,13.415409
17182,2022-02-25 15:11:56.850831,52.521462,13.406993
17729,2022-02-25 15:11:56.850831,52.513444,13.288441
17092,2022-02-25 15:11:56.850831,52.540671,13.355408
18259,2022-02-25 15:11:56.850831,52.491858,13.387361
17855,2022-02-25 15:11:56.850831,52.520622,13.445697
18350,2022-02-25 15:11:56.850831,52.487938,13.438127
16708,2022-02-25 15:11:56.850831,52.513311,13.459882
17557,2022-02-25 15:11:56.850831,52.474698,13.427578
17745,2022-02-25 15:11:56.850831,52.493338,13.332998
17399,2022-02-25 15:11:56.850831,52.48248,13.361841
17311,2022-02-25 15:11:56.850831,52.526969,13.401333
16600,2022-02-25 15:11:56.850831,52.509191,13.377372
18405,2022-02-25 15:11:56.850831,52.493418,13.388232
18293,2022-02-25 15:11:56.850831,52.518453,13.406183
17067,2022-02-25 15:11:56.850831,52.499111,13.421057
16895,2022-02-25 15:11:56.850831,52.502702,13.41389
18889,2022-02-25 15:11:56.850831,52.504329,13.286961
16630,2022-02-25 15:11:56.850831,52.513182,13.407188
16906,2022-02-25 15:11:56.850831,52.502084,13.319382
17374,2022-02-25 15:11:56.850831,52.492711,13.458597
17550,2022-02-25 15:11:56.850831,52.509244,13.450601
19193,2022-02-25 15:11:56.850831,52.534978,13.39803
18334,2022-02-25 15:11:56.850831,52.472813,13.454936
19109,2022-02-25 15:11:56.850831,52.537369,13.408091
17341,2022-02-25 15:11:56.850831,52.50244,13.418933
17471,2022-02-25 15:11:56.850831,52.512271,13.393689
18618,2022-02-25 15:11:56.850831,52.504453,13.39647
18992,2022-02-25 15:11:56.850831,52.515956,13.376691
15325,2022-02-25 15:11:56.850831,52.510985,13.3214
16746,2022-02-25 15:11:56.850831,52.509693,13.456282
17082,2022-02-25 15:11:56.850831,52.50952,13.456524
18371,2022-02-25 15:11:56.850831,52.485044,13.428026
19169,2022-02-25 15:11:56.850831,52.510098,13.405821
18361,2022-02-25 15:11:56.850831,52.484333,13.439623
17100,2022-02-25 15:11:56.850831,52.522173,13.435272
16668,2022-02-25 15:11:56.850831,52.529493,13.347809
16699,2022-02-25 15:11:56.850831,52.532293,13.324133
16911,2022-02-25 15:11:56.850831,52.492547,13.452237
17810,2022-02-25 15:11:56.850831,52.510849,13.450029
16380,2022-02-25 15:11:56.850831,52.51696,13.380729
18290,2022-02-25 15:11:56.850831,52.515293,13.289023
17790,2022-02-25 15:11:56.850831,52.487418,13.349293
19035,2022-02-25 15:11:56.850831,52.547551,13.356612
18060,2022-02-25 15:11:56.850831,52.514511,13.448817
19132,2022-02-25 15:11:56.850831,52.516196,13.40558
16554,2022-02-25 15:11:56.850831,52.510578,13.374682
18236,2022-02-25 15:11:56.850831,52.49816,13.444314
17096,2022-02-25 15:11:56.850831,52.488591,13.428888
15453,2022-02-25 15:11:56.850831,52.506311,13.445248
18717,2022-02-25 15:11:56.850831,52.505284,13.301907
18084,2022-02-25 15:11:56.850831,52.480484,13.43049
17659,2022-02-25 15:11:56.850831,52.486147,13.335388
18893,2022-02-25 15:11:56.850831,52.504164,13.450863
19288,2022-02-25 15:11:56.850831,52.550227,13.229282
18701,2022-02-25 15:11:56.850831,52.50092,13.421457
18044,2022-02-25 15:11:56.850831,52.534364,13.394779
18613,2022-02-25 15:11:56.850831,52.519156,13.393452
18721,2022-02-25 15:11:56.850831,52.50664,13.331446
18876,2022-02-25 15:11:56.850831,52.490178,13.425566
18181,2022-02-25 15:11:56.850831,52.513516,13.329429
17221,2022-02-25 15:11:56.850831,52.49812,13.523484
18529,2022-02-25 15:11:56.850831,52.494867,13.429872
17228,2022-02-25 15:11:56.850831,52.532813,13.357668
16441,2022-02-25 15:11:56.850831,52.510751,13.400529
19265,2022-02-25 15:11:56.850831,52.548658,13.401153
15106,2022-02-25 15:11:56.850831,52.54928,13.414154
16636,2022-02-25 15:11:56.850831,52.510333,13.441182
17831,2022-02-25 15:11:56.850831,52.49156,13.458378
16665,2022-02-25 15:11:56.850831,52.492396,13.428126
18132,2022-02-25 15:11:56.850831,52.489244,13.42145
18133,2022-02-25 15:11:56.850831,52.524493,13.409881
16951,2022-02-25 15:11:56.850831,52.549396,13.4137
18894,2022-02-25 15:11:56.850831,52.517076,13.297642
17911,2022-02-25 15:11:56.850831,52.512329,13.454836
19253,2022-02-25 15:11:56.850831,52.50892,13.367959
18058,2022-02-25 15:11:56.850831,52.531164,13.347502
18562,2022-02-25 15:11:56.850831,52.483404,13.427332
17826,2022-02-25 15:11:56.850831,52.509333,13.435012
16447,2022-02-25 15:11:56.850831,52.530982,13.327593
16509,2022-02-25 15:11:56.850831,52.510996,13.377022
18778,2022-02-25 15:11:56.850831,52.515307,13.440472
18002,2022-02-25 15:11:56.850831,52.53084,13.444833
17394,2022-02-25 15:11:56.850831,52.502098,13.305423
18397,2022-02-25 15:11:56.850831,52.514729,13.386918
16521,2022-02-25 15:11:56.850831,52.493849,13.301573
17771,2022-02-25 15:11:56.850831,52.489191,13.393569
18589,2022-02-25 15:11:56.850831,52.505227,13.334626
18056,2022-02-25 15:11:56.850831,52.519396,13.41694
17256,2022-02-25 15:11:56.850831,52.480951,13.287708
18923,2022-02-25 15:11:56.850831,52.517893,13.417493
16531,2022-02-25 15:11:56.850831,52.486622,13.362809
17249,2022-02-25 15:11:56.850831,52.515782,13.390227
17450,2022-02-25 15:11:56.850831,52.483178,13.441999
13007,2022-02-25 15:11:56.850831,52.491339,13.429379
17370,2022-02-25 15:11:56.850831,52.492107,13.419407
18875,2022-02-25 15:11:56.850831,52.541556,13.413222
17876,2022-02-25 15:11:56.850831,52.526636,13.381161
15513,2022-02-25 15:11:56.850831,52.479636,13.436499
19077,2022-02-25 15:11:56.850831,52.516164,13.415078
18182,2022-02-25 15:11:56.850831,52.501622,13.432048
15539,2022-02-25 15:11:56.850831,52.503431,13.389682
17551,2022-02-25 15:11:56.850831,52.509436,13.37322
18080,2022-02-25 15:11:56.850831,52.52688,13.341228
18270,2022-02-25 15:11:56.850831,52.496618,13.296127
16452,2022-02-25 15:11:56.850831,52.517724,13.343161
17798,2022-02-25 15:11:56.850831,52.516031,13.462393
16661,2022-02-25 15:11:56.850831,52.531689,13.306157
17735,2022-02-25 15:11:56.850831,52.50328,13.322217
16680,2022-02-25 15:11:56.850831,52.5024,13.452847
17080,2022-02-25 15:11:56.850831,52.495907,13.29485
18324,2022-02-25 15:11:56.850831,52.500311,13.361666
18062,2022-02-25 15:11:56.850831,52.489364,13.422239
18656,2022-02-25 15:11:56.850831,52.499733,13.294403
18709,2022-02-25 15:11:56.850831,52.524356,13.409944
17804,2022-02-25 15:11:56.850831,52.504387,13.468549
15440,2022-02-25 15:11:56.850831,52.492618,13.436086
16260,2022-02-25 15:11:56.850831,52.473783,13.4397
16711,2022-02-25 15:11:56.850831,52.485,13.43775
17388,2022-02-25 15:11:56.850831,52.510644,13.3509
16732,2022-02-25 15:11:56.850831,52.498049,13.431172
17502,2022-02-25 15:11:56.850831,52.541489,13.387737
17631,2022-02-25 15:11:56.850831,52.501213,13.325106
18804,2022-02-25 15:11:56.850831,52.505458,13.466488
16481,2022-02-25 15:11:56.850831,52.530933,13.429781
16927,2022-02-25 15:11:56.850831,52.492173,13.355723
17636,2022-02-25 15:11:56.850831,52.498169,13.43093
18299,2022-02-25 15:11:56.850831,52.519396,13.29211
17693,2022-02-25 15:11:56.850831,52.500596,13.307422
15195,2022-02-25 15:11:56.850831,52.4816,13.333867
18820,2022-02-25 15:11:56.850831,52.496404,13.404637
17828,2022-02-25 15:11:56.850831,52.506853,13.298868
18974,2022-02-25 15:11:56.850831,52.504524,13.29637
13898,2022-02-25 15:11:56.850831,52.48629,13.440123
17845,2022-02-25 15:11:56.850831,52.500236,13.411979
16658,2022-02-25 15:11:56.850831,52.499209,13.322878
16169,2022-02-25 15:11:56.850831,52.539891,13.40624
13987,2022-02-25 15:11:56.850831,52.503348,13.411524
19241,2022-02-25 15:11:56.850831,52.538209,13.399396
16493,2022-02-25 15:11:56.850831,52.508756,13.36935
17765,2022-02-25 15:11:56.850831,52.509236,13.36976
16686,2022-02-25 15:11:56.850831,52.473893,13.451231
15367,2022-02-25 15:11:56.850831,52.485719,13.322665
18973,2022-02-25 15:11:56.850831,52.531911,13.381041
15441,2022-02-25 15:11:56.850831,52.504044,13.428408
17012,2022-02-25 15:11:56.850831,52.530818,13.328416
17211,2022-02-25 15:11:56.850831,52.521982,13.388704
16508,2022-02-25 15:11:56.850831,52.487871,13.3543
17539,2022-02-25 15:11:56.850831,52.506298,13.372286
18026,2022-02-25 15:11:56.850831,52.538818,13.426097
19201,2022-02-25 15:11:56.850831,52.483804,13.432489
14064,2022-02-25 15:11:56.850831,52.519811,13.388553
15443,2022-02-25 15:11:56.850831,52.52068,13.388354
17739,2022-02-25 15:11:56.850831,52.532729,13.333716
18499,2022-02-25 15:11:56.850831,52.483498,13.446501
18868,2022-02-25 15:11:56.850831,52.53932,13.408144
18145,2022-02-25 15:11:56.850831,52.52364,13.402667
13828,2022-02-25 15:11:56.850831,52.504502,13.320034
17584,2022-02-25 15:11:56.850831,52.493293,13.394983
17527,2022-02-25 15:11:56.850831,52.500227,13.392487
18089,2022-02-25 15:11:56.850831,52.47172,13.450926
18059,2022-02-25 15:11:56.850831,52.493284,13.368258
17913,2022-02-25 15:11:56.850831,52.506924,13.373218
18003,2022-02-25 15:11:56.850831,52.511231,13.383317
19218,2022-02-25 15:11:56.850831,52.502262,13.394413
16898,2022-02-25 15:11:56.850831,52.53084,13.352293
17891,2022-02-25 15:11:56.850831,52.546524,13.407033
18877,2022-02-25 15:11:56.850831,52.530596,13.444612
17079,2022-02-25 15:11:56.850831,52.493733,13.411574
16929,2022-02-25 15:11:56.850831,52.520947,13.412997
15176,2022-02-25 15:11:56.850831,52.506453,13.331013
17260,2022-02-25 15:11:56.850831,52.506707,13.39141
19067,2022-02-25 15:11:56.850831,52.503516,13.398493
13051,2022-02-25 15:11:56.850831,52.515444,13.397829
17099,2022-02-25 15:11:56.850831,52.505387,13.397243
16648,2022-02-25 15:11:56.850831,52.524062,13.456486
18039,2022-02-25 15:11:56.850831,52.506476,13.32358
17217,2022-02-25 15:11:56.850831,52.509076,13.40472
16498,2022-02-25 15:11:56.850831,52.517596,13.463639
18532,2022-02-25 15:11:56.850831,52.512213,13.426294
17224,2022-02-25 15:11:56.850831,52.521084,13.412998
15534,2022-02-25 15:11:56.850831,52.485724,13.374726
18546,2022-02-25 15:11:56.850831,52.509436,13.40185
15476,2022-02-25 15:11:56.850831,52.513102,13.382731
18212,2022-02-25 15:11:56.850831,52.513289,13.450163
18096,2022-02-25 15:11:56.850831,52.523893,13.415601
17298,2022-02-25 15:11:56.850831,52.503067,13.31697
19161,2022-02-25 15:11:56.850831,52.510929,13.45161
18629,2022-02-25 15:11:56.850831,52.497969,13.387341
17841,2022-02-25 15:11:56.850831,52.464716,13.323179
17660,2022-02-25 15:11:56.850831,52.503613,13.403272
17948,2022-02-25 15:11:56.850831,52.514231,13.39573
18128,2022-02-25 15:11:56.850831,52.490031,13.42693
17495,2022-02-25 15:11:56.850831,52.50808,13.459479
18522,2022-02-25 15:11:56.850831,52.49332,13.428233
16973,2022-02-25 15:11:56.850831,52.521093,13.395248
16433,2022-02-25 15:11:56.850831,52.513622,13.386454
19323,2022-02-25 15:11:56.850831,52.506004,13.373356
19142,2022-02-25 15:11:56.850831,52.492627,13.391393
18600,2022-02-25 15:11:56.850831,52.496511,13.397831
17567,2022-02-25 15:11:56.850831,52.546267,13.426253
17351,2022-02-25 15:11:56.850831,52.508862,13.36797
17280,2022-02-25 15:11:56.850831,52.497458,13.465147
18473,2022-02-25 15:11:56.850831,52.478062,13.431118
18452,2022-02-25 15:11:56.850831,52.528387,13.337246
17680,2022-02-25 15:11:56.850831,52.515538,13.301653
17129,2022-02-25 15:11:56.850831,52.512027,13.33672
19057,2022-02-25 15:11:56.850831,52.481236,13.379421
17677,2022-02-25 15:11:56.850831,52.488942,13.346068
19127,2022-02-25 15:11:56.850831,52.508716,13.374961
16855,2022-02-25 15:11:56.850831,52.490902,13.400827
17670,2022-02-25 15:11:56.850831,52.515062,13.448076
17952,2022-02-25 15:11:56.850831,52.537742,13.426552
17390,2022-02-25 15:11:56.850831,52.50844,13.398433
17198,2022-02-25 15:11:56.850831,52.518196,13.380817
17555,2022-02-25 15:11:56.850831,52.481738,13.365362
15199,2022-02-25 15:11:56.850831,52.509084,13.378718
15681,2022-02-25 15:11:56.850831,52.508058,13.303347
18228,2022-02-25 15:11:56.850831,52.522316,13.358887
19148,2022-02-25 15:11:56.850831,52.509222,13.423171
16903,2022-02-25 15:11:56.850831,52.51088,13.401373
17432,2022-02-25 15:11:56.850831,52.510098,13.405413
15472,2022-02-25 15:11:56.850831,52.516436,13.376526
18808,2022-02-25 15:11:56.850831,52.507711,13.389926
18231,2022-02-25 15:11:56.850831,52.532213,13.396371
15405,2022-02-25 15:11:56.850831,52.52788,13.326654
16860,2022-02-25 15:11:56.850831,52.50848,13.363554
17382,2022-02-25 15:11:56.850831,52.521298,13.415252
16376,2022-02-25 15:11:56.850831,52.50664,13.283783
14129,2022-02-25 15:11:56.850831,52.519125,13.373062
17106,2022-02-25 15:11:56.850831,52.50652,13.408887
18160,2022-02-25 15:11:56.850831,52.492342,13.402838
16513,2022-02-25 15:11:56.850831,52.492449,13.378863
17238,2022-02-25 15:11:56.850831,52.521582,13.402322
19246,2022-02-25 15:11:56.850831,52.488964,13.42325
16843,2022-02-25 15:11:56.850831,52.50152,13.430104
18978,2022-02-25 15:11:56.850831,52.493036,13.395636
18354,2022-02-25 15:11:56.850831,52.517156,13.337336
16577,2022-02-25 15:11:56.850831,52.485769,13.43017
18569,2022-02-25 15:11:56.850831,52.494889,13.302018
17445,2022-02-25 15:11:56.850831,52.508587,13.479974
17422,2022-02-25 15:11:56.850831,52.52236,13.432837
17102,2022-02-25 15:11:56.850831,52.493564,13.387833
17524,2022-02-25 15:11:56.850831,52.499942,13.474912
17366,2022-02-25 15:11:56.850831,52.503111,13.292112
18370,2022-02-25 15:11:56.850831,52.470102,13.367712
18390,2022-02-25 15:11:56.850831,52.532724,13.397833
17549,2022-02-25 15:11:56.850831,52.486329,13.325568
18783,2022-02-25 15:11:56.850831,52.52596,13.367362
18812,2022-02-25 15:11:56.850831,52.500209,13.436967
16566,2022-02-25 15:11:56.850831,52.520644,13.371191
16816,2022-02-25 15:11:56.850831,52.534498,13.401287
15521,2022-02-25 15:11:56.850831,52.506578,13.318231
17299,2022-02-25 15:11:56.850831,52.493898,13.418468
18296,2022-02-25 15:11:56.850831,52.52692,13.369687
16694,2022-02-25 15:11:56.850831,52.489489,13.44187
17461,2022-02-25 15:11:56.850831,52.528507,13.394132
13331,2022-02-25 15:11:56.850831,52.500851,13.391362
16916,2022-02-25 15:11:56.850831,52.512213,13.465603
17303,2022-02-25 15:11:56.850831,52.502813,13.438729
19369,2022-02-25 15:11:56.850831,52.524107,13.3814
17475,2022-02-25 15:11:56.850831,52.489942,13.413147
18545,2022-02-25 15:11:56.850831,52.527609,13.370856
19259,2022-02-25 15:11:56.850831,52.50968,13.374212
18861,2022-02-25 15:11:56.850831,52.513204,13.299259
16517,2022-02-25 15:11:56.850831,52.524676,13.37437
18502,2022-02-25 15:11:56.850831,52.494529,13.433834
16647,2022-02-25 15:11:56.850831,52.514418,13.418101
18454,2022-02-25 15:11:56.850831,52.484476,13.438572
17472,2022-02-25 15:11:56.850831,52.486782,13.437581
15483,2022-02-25 15:11:56.850831,52.49148,13.457648
16880,2022-02-25 15:11:56.850831,52.479613,13.362673
18131,2022-02-25 15:11:56.850831,52.480418,13.431762
17953,2022-02-25 15:11:56.850831,52.49304,13.297369
17195,2022-02-25 15:11:56.850831,52.521622,13.402584
15183,2022-02-25 15:11:56.850831,52.49376,13.295048
18931,2022-02-25 15:11:56.850831,52.495956,13.405692
16439,2022-02-25 15:11:56.850831,52.500444,13.328998
15431,2022-02-25 15:11:56.850831,52.497071,13.419021
17350,2022-02-25 15:11:56.850831,52.497271,13.423889
18136,2022-02-25 15:11:56.850831,52.524951,13.393488
15092,2022-02-25 15:11:56.850831,52.519209,13.415141
18360,2022-02-25 15:11:56.850831,52.541258,13.419989
16494,2022-02-25 15:11:56.850831,52.494516,13.421259
16774,2022-02-25 15:11:56.850831,52.492258,13.373521
16725,2022-02-25 15:11:56.850831,52.525018,13.393283
18019,2022-02-25 15:11:56.850831,52.519311,13.397599
18435,2022-02-25 15:11:56.850831,52.512996,13.331473
17344,2022-02-25 15:11:56.850831,52.547764,13.369529
16663,2022-02-25 15:11:56.850831,52.506182,13.47073
18988,2022-02-25 15:11:56.850831,52.484187,13.323399
17233,2022-02-25 15:11:56.850831,52.510196,13.470782
16423,2022-02-25 15:11:56.850831,52.525587,13.400827
15179,2022-02-25 15:11:56.850831,52.523151,13.314331
17015,2022-02-25 15:11:56.850831,52.484569,13.431082
18843,2022-02-25 15:11:56.850831,52.483871,13.432543
19154,2022-02-25 15:11:56.850831,52.512427,13.434362
18139,2022-02-25 15:11:56.850831,52.489969,13.388279
17964,2022-02-25 15:11:56.850831,52.505364,13.417584
17608,2022-02-25 15:11:56.850831,52.521093,13.328133
18462,2022-02-25 15:11:56.850831,52.51144,13.329507
16573,2022-02-25 15:11:56.850831,52.482462,13.453562
15178,2022-02-25 15:11:56.850831,52.547436,13.357516
17356,2022-02-25 15:11:56.850831,52.493573,13.387906
16598,2022-02-25 15:11:56.850831,52.504093,13.367538
18566,2022-02-25 15:11:56.850831,52.511067,13.406078
16802,2022-02-25 15:11:56.850831,52.506556,13.469898
15558,2022-02-25 15:11:56.850831,52.49116,13.392641
17726,2022-02-25 15:11:56.850831,52.4806,13.349544
17825,2022-02-25 15:11:56.850831,52.490587,13.34838
17348,2022-02-25 15:11:56.850831,52.500382,13.339596
17751,2022-02-25 15:11:56.850831,52.52932,13.435274
16956,2022-02-25 15:11:56.850831,52.471502,13.43361
17840,2022-02-25 15:11:56.850831,52.484302,13.394729
16928,2022-02-25 15:11:56.850831,52.523129,13.370276
15451,2022-02-25 15:11:56.850831,52.513262,13.47504
14254,2022-02-25 15:11:56.850831,52.496385,13.365469
18942,2022-02-25 15:11:56.850831,52.514444,13.381761
15449,2022-02-25 15:11:56.850831,52.509236,13.373474
19149,2022-02-25 15:11:56.850831,52.534822,13.416544
18965,2022-02-25 15:11:56.850831,52.505071,13.339081
17087,2022-02-25 15:11:56.850831,52.530173,13.392151
17746,2022-02-25 15:11:56.850831,52.53584,13.433297
17063,2022-02-25 15:11:56.850831,52.504249,13.441923
16747,2022-02-25 15:11:56.850831,52.504289,13.441926
17473,2022-02-25 15:11:56.850831,52.502031,13.3013
18057,2022-02-25 15:11:56.850831,52.510951,13.325897
17652,2022-02-25 15:11:56.850831,52.501636,13.450703
17612,2022-02-25 15:11:56.850831,52.525427,13.356201
18888,2022-02-25 15:11:56.850831,52.463364,13.319442
18186,2022-02-25 15:11:56.850831,52.491831,13.491868
18962,2022-02-25 15:11:56.850831,52.47868,13.450826
18950,2022-02-25 15:11:56.850831,52.482596,13.441676
14269,2022-02-25 15:11:56.850831,52.505582,13.334322
16568,2022-02-25 15:11:56.850831,52.523267,13.428442
17389,2022-02-25 15:11:56.850831,52.490471,13.418421
18400,2022-02-25 15:11:56.850831,52.505236,13.332379
16495,2022-02-25 15:11:56.850831,52.517076,13.391343
17623,2022-02-25 15:11:56.850831,52.493311,13.421698
19117,2022-02-25 15:11:56.850831,52.47792,13.43825
17172,2022-02-25 15:11:56.850831,52.526467,13.381054
16766,2022-02-25 15:11:56.850831,52.469102,13.436102
18649,2022-02-25 15:11:56.850831,52.500089,13.363147
17936,2022-02-25 15:11:56.850831,52.508116,13.423643
16586,2022-02-25 15:11:56.850831,52.494564,13.409629
17772,2022-02-25 15:11:56.850831,52.512996,13.307307
17894,2022-02-25 15:11:56.850831,52.491369,13.392792
17206,2022-02-25 15:11:56.850831,52.522982,13.415279
17093,2022-02-25 15:11:56.850831,52.4984,13.443273
17302,2022-02-25 15:11:56.850831,52.493667,13.334536
19330,2022-02-25 15:11:56.850831,52.498373,13.435559
17960,2022-02-25 15:11:56.850831,52.503733,13.402494
17122,2022-02-25 15:11:56.850831,52.507991,13.474268
13137,2022-02-25 15:11:56.850831,52.507547,13.460338
18990,2022-02-25 15:11:56.850831,52.480436,13.333807
17807,2022-02-25 15:11:56.850831,52.484507,13.438692
15273,2022-02-25 15:11:56.850831,52.497328,13.444988
18854,2022-02-25 15:11:56.850831,52.483724,13.363503
18380,2022-02-25 15:11:56.850831,52.509391,13.367362
18103,2022-02-25 15:11:56.850831,52.536084,13.352691
19153,2022-02-25 15:11:56.850831,52.524707,13.407971
17786,2022-02-25 15:11:56.850831,52.518671,13.398614
17419,2022-02-25 15:11:56.850831,52.520644,13.327358
16838,2022-02-25 15:11:56.850831,52.478467,13.364578
17699,2022-02-25 15:11:56.850831,52.493929,13.356828
17385,2022-02-25 15:11:56.850831,52.509853,13.463266
17070,2022-02-25 15:11:56.850831,52.508493,13.423816
18986,2022-02-25 15:11:56.850831,52.503209,13.410272
15074,2022-02-25 15:11:56.850831,52.493644,13.429584
17465,2022-02-25 15:11:56.850831,52.518427,13.402051
17121,2022-02-25 15:11:56.850831,52.526311,13.345103
18154,2022-02-25 15:11:56.850831,52.486809,13.367501
17086,2022-02-25 15:11:56.850831,52.49296,13.389218
16971,2022-02-25 15:11:56.850831,52.505169,13.449927
18171,2022-02-25 15:11:56.850831,52.504453,13.396391
18827,2022-02-25 15:11:56.850831,52.524431,13.285167
18795,2022-02-25 15:11:56.850831,52.483911,13.429716
17319,2022-02-25 15:11:56.850831,52.524813,13.404098
18090,2022-02-25 15:11:56.850831,52.516236,13.408496
18167,2022-02-25 15:11:56.850831,52.538329,13.396616
17558,2022-02-25 15:11:56.850831,52.50196,13.354051
18466,2022-02-25 15:11:56.850831,52.532644,13.396952
17862,2022-02-25 15:11:56.850831,52.492267,13.402182
18967,2022-02-25 15:11:56.850831,52.52236,13.38606
17517,2022-02-25 15:11:56.850831,52.487084,13.328899
13533,2022-02-25 15:11:56.850831,52.500687,13.316607
14468,2022-02-25 15:11:56.850831,52.491377,13.40386
18830,2022-02-25 15:11:56.850831,52.50284,13.4386
15126,2022-02-25 15:11:56.850831,52.516,13.40615
17468,2022-02-25 15:11:56.850831,52.503351,13.284921
17048,2022-02-25 15:11:56.850831,52.492396,13.423993
18434,2022-02-25 15:11:56.850831,52.539076,13.399121
18135,2022-02-25 15:11:56.850831,52.513311,13.423928
19140,2022-02-25 15:11:56.850831,52.537556,13.408722
16908,2022-02-25 15:11:56.850831,52.525449,13.390947
13202,2022-02-25 15:11:56.850831,52.501751,13.413989
17873,2022-02-25 15:11:56.850831,52.501578,13.417963
18402,2022-02-25 15:11:56.850831,52.508511,13.376767
16914,2022-02-25 15:11:56.850831,52.498276,13.418449
14438,2022-02-25 15:11:56.850831,52.493187,13.387232
18577,2022-02-25 15:11:56.850831,52.507169,13.421022
18224,2022-02-25 15:11:56.850831,52.539707,13.39505
17995,2022-02-25 15:11:56.850831,52.546973,13.417769
18151,2022-02-25 15:11:56.850831,52.526044,13.340159
19008,2022-02-25 15:11:56.850831,52.503067,13.413341
19363,2022-02-25 15:11:56.850831,52.489796,13.449064
18017,2022-02-25 15:11:56.850831,52.490738,13.31544
18011,2022-02-25 15:11:56.850831,52.511409,13.384577
16950,2022-02-25 15:11:56.850831,52.477889,13.425236
17219,2022-02-25 15:11:56.850831,52.474764,13.433607
17120,2022-02-25 15:11:56.850831,52.525213,13.396668
18659,2022-02-25 15:11:56.850831,52.504591,13.425411
18753,2022-02-25 15:11:56.850831,52.518124,13.415622
16543,2022-02-25 15:11:56.850831,52.52368,13.379578
15528,2022-02-25 15:11:56.850831,52.520889,13.39446
18955,2022-02-25 15:11:56.850831,52.525311,13.339236
18631,2022-02-25 15:11:56.850831,52.522116,13.408428
16942,2022-02-25 15:11:56.850831,52.503253,13.398284
17783,2022-02-25 15:11:56.850831,52.487778,13.424794
16499,2022-02-25 15:11:56.850831,52.479702,13.498767
18479,2022-02-25 15:11:56.850831,52.525858,13.378813
17931,2022-02-25 15:11:56.850831,52.499649,13.342893
18687,2022-02-25 15:11:56.850831,52.527507,13.392871
17545,2022-02-25 15:11:56.850831,52.499356,13.417971
17531,2022-02-25 15:11:56.850831,52.522956,13.381634
18510,2022-02-25 15:11:56.850831,52.53208,13.428236
18235,2022-02-25 15:11:56.850831,52.510458,13.400727
18424,2022-02-25 15:11:56.850831,52.512076,13.387553
18101,2022-02-25 15:11:56.850831,52.533124,13.395028
17247,2022-02-25 15:11:56.850831,52.486338,13.442507
14393,2022-02-25 15:11:56.850831,52.508,13.303479
18628,2022-02-25 15:11:56.850831,52.528369,13.393716
18693,2022-02-25 15:11:56.850831,52.485662,13.300706
18038,2022-02-25 15:11:56.850831,52.471582,13.299821
16609,2022-02-25 15:11:56.850831,52.493498,13.395102
17455,2022-02-25 15:11:56.850831,52.51564,13.464578
17852,2022-02-25 15:11:56.850831,52.548787,13.382669
15500,2022-02-25 15:11:56.850831,52.491627,13.433122
17400,2022-02-25 15:11:56.850831,52.529004,13.398649
16585,2022-02-25 15:11:56.850831,52.491111,13.404422
18731,2022-02-25 15:11:56.850831,52.52648,13.387008
17397,2022-02-25 15:11:56.850831,52.480031,13.452231
16459,2022-02-25 15:11:56.850831,52.502133,13.448869
16434,2022-02-25 15:11:56.850831,52.493751,13.429578
18221,2022-02-25 15:11:56.850831,52.532787,13.391718
16965,2022-02-25 15:11:56.850831,52.49248,13.389221
17890,2022-02-25 15:11:56.850831,52.508502,13.400206
19251,2022-02-25 15:11:56.850831,52.550187,13.351078
18711,2022-02-25 15:11:56.850831,52.510044,13.407802
18091,2022-02-25 15:11:56.850831,52.524204,13.36968
17209,2022-02-25 15:11:56.850831,52.505689,13.367529
19045,2022-02-25 15:11:56.850831,52.482462,13.434234
16715,2022-02-25 15:11:56.850831,52.519587,13.463391
16982,2022-02-25 15:11:56.850831,52.516667,13.381048
15481,2022-02-25 15:11:56.850831,52.513916,13.452864
16793,2022-02-25 15:11:56.850831,52.510813,13.456466
13215,2022-02-25 15:11:56.850831,52.530933,13.400021
18417,2022-02-25 15:11:56.850831,52.522053,13.314696
17257,2022-02-25 15:11:56.850831,52.52448,13.413369
16391,2022-02-25 15:11:56.850831,52.502147,13.342279
17494,2022-02-25 15:11:56.850831,52.508502,13.462864
17327,2022-02-25 15:11:56.850831,52.475498,13.452364
17530,2022-02-25 15:11:56.850831,52.505004,13.448289
16473,2022-02-25 15:11:56.850831,52.514524,13.397791
18335,2022-02-25 15:11:56.850831,52.507902,13.38999
19392,2022-02-25 15:11:56.850831,52.477987,13.443568
16429,2022-02-25 15:11:56.850831,52.505996,13.474768
18271,2022-02-25 15:11:56.850831,52.528356,13.456247
17973,2022-02-25 15:11:56.850831,52.481196,13.434214
18745,2022-02-25 15:11:56.850831,52.53268,13.424054
18177,2022-02-25 15:11:56.850831,52.529591,13.347919
15197,2022-02-25 15:11:56.850831,52.498471,13.384694
18256,2022-02-25 15:11:56.850831,52.502196,13.408586
